0.19635 0.3927 0.58905 0.7854 0.98175 1.1781
0.425107 0.418907 0.416753 0.413901 0.392026 0.394922
0.425637 0.4206 0.414507 0.41524 0.390694 0.393516
0.42571 0.418829 0.414624 0.414188 0.392477 0.3939
0.424521 0.420285 0.413307 0.415403 0.390408 0.394888
0.424327 0.41877 0.413153 0.413699 0.390095 0.391382
0.424837 0.420057 0.414153 0.413723 0.390114 0.390043
0.424664 0.419144 0.415235 0.4158 0.389746 0.391989
0.42532 0.420955 0.414756 0.416026 0.390137 0.391316
0.425361 0.419962 0.414462 0.414786 0.391338 0.391923
0.425456 0.419779 0.415075 0.414634 0.390343 0.390878
0.426216 0.421075 0.41596 0.415982 0.391136 0.392948
0.425234 0.420399 0.415686 0.415637 0.395158 0.396061
0.426108 0.420402 0.415824 0.414364 0.393744 0.393657
0.425039 0.418291 0.41763 0.413902 0.391645 0.391555
0.424885 0.419723 0.415028 0.413922 0.390203 0.392934
0.4248 0.418858 0.415347 0.414702 0.393269 0.395892
0.424783 0.418879 0.414132 0.413182 0.389857 0.39172
0.425569 0.42017 0.415028 0.415705 0.391083 0.393881
0.423623 0.417918 0.414785 0.41399 0.391591 0.391671
0.424424 0.418434 0.414551 0.413429 0.390095 0.39186
0.424266 0.419944 0.41481 0.41586 0.390623 0.392886
0.425626 0.420018 0.414158 0.413546 0.391038 0.39137
0.424703 0.420195 0.416267 0.415876 0.391899 0.393549
0.424467 0.419344 0.415197 0.413141 0.391538 0.391043
0.424967 0.420768 0.414486 0.415148 0.390132 0.392156
0.424998 0.419435 0.414998 0.415253 0.392299 0.394836
0.425762 0.420078 0.416135 0.415177 0.392413 0.394629
0.42447 0.420617 0.414617 0.415195 0.391274 0.393189
0.424559 0.419596 0.415332 0.415525 0.392307 0.393424
0.425058 0.420592 0.414945 0.414871 0.391555 0.392253
0.424562 0.419619 0.415096 0.414559 0.390799 0.39278
0.427292 0.422306 0.416611 0.416558 0.392737 0.395896
0.425047 0.419857 0.415147 0.414696 0.391977 0.391845
0.424482 0.41922 0.414684 0.413174 0.390639 0.390609
0.424555 0.419389 0.414327 0.415632 0.391984 0.394291
0.425106 0.419272 0.415186 0.414328 0.389527 0.39183
0.423715 0.421116 0.413476 0.414385 0.3932 0.393325
0.424223 0.418835 0.413171 0.414881 0.391675 0.393277
0.424893 0.419978 0.414211 0.415387 0.390609 0.397698
0.424691 0.42048 0.414677 0.414426 0.389695 0.391415
0.42521 0.419666 0.416166 0.414601 0.392567 0.39299
0.42512 0.420465 0.415109 0.414906 0.391231 0.393686
0.424962 0.418797 0.414337 0.413153 0.391617 0.392744
0.423878 0.419439 0.414174 0.414369 0.391569 0.392903
0.426323 0.420602 0.414856 0.415039 0.392209 0.394751
0.424509 0.418229 0.414343 0.414739 0.392817 0.396384
0.423546 0.419117 0.414755 0.414308 0.391764 0.391591
0.425707 0.420208 0.415593 0.414762 0.391346 0.393525
0.424096 0.418474 0.415118 0.414032 0.390964 0.392848
0.424535 0.419725 0.415549 0.414845 0.393128 0.395083
0.424859 0.419945 0.415681 0.41538 0.392421 0.393285
0.424357 0.419211 0.414492 0.413946 0.387463 0.391307
0.425651 0.42008 0.41606 0.414745 0.392792 0.394965
0.424222 0.420017 0.414601 0.415083 0.391539 0.39315
0.42577 0.420089 0.414785 0.414476 0.391616 0.39226
0.425024 0.419517 0.414718 0.415003 0.39078 0.393813
0.426127 0.420171 0.41644 0.415084 0.394925 0.395723
0.426343 0.420756 0.416168 0.415099 0.391193 0.394281
0.424851 0.419966 0.414738 0.414815 0.390915 0.392754
0.425507 0.420047 0.415601 0.415602 0.393208 0.393775
0.425189 0.420124 0.415669 0.413577 0.391491 0.392797
0.426256 0.421527 0.415675 0.415815 0.392216 0.394165
0.424846 0.419959 0.414805 0.414989 0.392421 0.395481
0.424618 0.420274 0.414917 0.415053 0.391324 0.394766
0.424516 0.419208 0.416272 0.4145 0.39242 0.394209
0.425213 0.419927 0.414693 0.412422 0.392569 0.392757
0.424638 0.42005 0.414569 0.414202 0.391289 0.393035
0.425291 0.419432 0.415052 0.414989 0.391427 0.392401
0.425106 0.419298 0.41431 0.414861 0.389967 0.392606
0.424948 0.419839 0.415349 0.4158 0.390924 0.393298
0.425055 0.418916 0.41503 0.414617 0.390225 0.393328
0.426063 0.419323 0.415609 0.415736 0.390581 0.394028
0.424498 0.420102 0.415426 0.415096 0.392101 0.392667
0.426184 0.421729 0.414491 0.416552 0.390045 0.392957
0.424492 0.420148 0.415341 0.415175 0.388543 0.392742
0.42481 0.41921 0.414147 0.413901 0.39272 0.39499
0.426487 0.420651 0.416398 0.413212 0.392246 0.391294
0.422516 0.417946 0.413369 0.411761 0.388461 0.387691
0.425094 0.420083 0.41479 0.414999 0.391587 0.392924
0.426542 0.421045 0.416496 0.415363 0.39217 0.394713
0.42468 0.419365 0.414904 0.415536 0.391186 0.391629
0.424417 0.418822 0.413862 0.414038 0.39015 0.394735
0.425847 0.420573 0.415741 0.414921 0.39186 0.39377
0.424977 0.419777 0.414027 0.413506 0.39089 0.392023
0.424553 0.419526 0.414203 0.415577 0.391275 0.393439
0.424566 0.419887 0.414397 0.41612 0.389274 0.395039
0.424123 0.419013 0.414589 0.41339 0.391664 0.392172
0.42483 0.419849 0.414038 0.413584 0.391423 0.391125
0.424713 0.420764 0.414972 0.415106 0.390245 0.392503
0.424027 0.420147 0.414846 0.411713 0.388788 0.390302
0.424057 0.420869 0.415958 0.41458 0.391825 0.394133
0.424183 0.418655 0.414381 0.412781 0.391208 0.392882
0.426097 0.420362 0.416071 0.4154 0.392006 0.39486
0.423383 0.421369 0.416073 0.414899 0.391761 0.393112
0.424697 0.418994 0.414774 0.413591 0.390839 0.392674
0.423803 0.419205 0.415013 0.414134 0.391011 0.393878
0.425451 0.4199 0.413869 0.414974 0.390285 0.391791
0.424831 0.420669 0.414843 0.415265 0.39032 0.393802
0.425487 0.418734 0.414732 0.413346 0.391692 0.391363
0.424741 0.418699 0.414946 0.414764 0.392108 0.396033
0.423668 0.41892 0.415578 0.413752 0.393004 0.394136
0.425232 0.421214 0.415177 0.415258 0.39182 0.394435
0.424522 0.41989 0.415686 0.414687 0.392901 0.392566
0.424753 0.421073 0.415617 0.41623 0.391888 0.394796
0.424875 0.41875 0.415506 0.413721 0.392485 0.39256
0.425216 0.419197 0.414824 0.413761 0.391856 0.392992
0.425843 0.419891 0.414931 0.416153 0.393842 0.394628
0.425427 0.419015 0.414956 0.414733 0.390623 0.392386
0.42588 0.419763 0.415456 0.414371 0.393348 0.392565
0.425014 0.419457 0.413624 0.414318 0.391059 0.393361
0.425062 0.418914 0.415092 0.414235 0.391639 0.391906
0.424387 0.420152 0.414756 0.414704 0.38807 0.393224
0.424657 0.419164 0.415175 0.414885 0.39157 0.392867
0.426016 0.419789 0.416143 0.414903 0.392829 0.394121
0.423479 0.418658 0.414862 0.412544 0.391406 0.389585
0.425089 0.419561 0.413993 0.414679 0.390665 0.391859
0.426035 0.421036 0.416077 0.414495 0.39092 0.393195
0.424849 0.420661 0.416193 0.416409 0.393642 0.396835
0.425664 0.418928 0.415324 0.415598 0.391548 0.393794
0.424885 0.419463 0.415767 0.414307 0.392208 0.393867
0.424596 0.41958 0.414972 0.41511 0.392556 0.391633
0.42548 0.420505 0.414842 0.415267 0.392833 0.394605
0.423829 0.419223 0.41443 0.414879 0.389061 0.39303
0.424091 0.418144 0.413192 0.412766 0.391581 0.393109
0.425239 0.419718 0.414668 0.414907 0.390841 0.392394
0.425155 0.420271 0.416041 0.415109 0.392247 0.392217
0.425388 0.421403 0.41571 0.41588 0.39159 0.394217
0.425034 0.419807 0.414624 0.415743 0.392121 0.392922
0.426615 0.42189 0.416142 0.41566 0.392634 0.393257
0.426824 0.420611 0.416048 0.415265 0.391782 0.394151
0.425254 0.419737 0.414274 0.41489 0.390767 0.39245
0.425826 0.419873 0.416031 0.414877 0.39146 0.39227
0.424315 0.419569 0.414593 0.415202 0.392469 0.395541
0.424399 0.419757 0.415564 0.41387 0.393044 0.393548
0.423712 0.419596 0.414848 0.415097 0.391641 0.392651
0.423982 0.419567 0.415836 0.414493 0.392874 0.39398
0.424044 0.418216 0.414491 0.41404 0.391451 0.395205
0.427344 0.42058 0.416356 0.415093 0.392435 0.393395
0.424933 0.419772 0.41523 0.415365 0.39051 0.395085
0.425374 0.420846 0.415325 0.415425 0.392129 0.391886
0.425514 0.420583 0.415126 0.416166 0.39181 0.393935
0.425404 0.419058 0.414883 0.415169 0.389839 0.394016
0.42366 0.419425 0.414352 0.413761 0.389607 0.391956
0.4265 0.42094 0.41631 0.41612 0.393468 0.394547
0.425535 0.420056 0.413647 0.413634 0.390323 0.389974
0.423793 0.418274 0.414651 0.414561 0.390702 0.393204
0.424045 0.419215 0.415529 0.415534 0.392125 0.393008
0.425345 0.420717 0.415258 0.415172 0.39223 0.393022
0.424771 0.420131 0.414948 0.415685 0.39249 0.394722
0.425611 0.42155 0.415722 0.416591 0.392405 0.394372
0.424448 0.420402 0.415156 0.415015 0.389807 0.3932
0.425196 0.420498 0.414953 0.415586 0.391066 0.394183
0.424511 0.419589 0.414319 0.415189 0.389391 0.394616
0.425065 0.420041 0.415274 0.415361 0.391812 0.39398
0.425334 0.42001 0.415521 0.414511 0.392191 0.39325
0.425007 0.420899 0.413884 0.415685 0.391161 0.392131
0.424709 0.41968 0.415299 0.415457 0.391486 0.394843
0.424893 0.419977 0.413931 0.413975 0.390601 0.39282
0.424716 0.419988 0.415703 0.41351 0.390791 0.391061
0.42517 0.420122 0.415992 0.415406 0.392726 0.39368
0.424765 0.41912 0.416034 0.413024 0.391749 0.391108
0.426558 0.421118 0.414612 0.414422 0.390632 0.391625
0.424035 0.419747 0.415009 0.414659 0.391947 0.3922
0.424627 0.420168 0.414997 0.415925 0.391254 0.394782
0.425053 0.419351 0.415485 0.414282 0.39122 0.391808
0.424982 0.419771 0.414219 0.41428 0.391128 0.393488
0.425904 0.421295 0.415028 0.41556 0.388797 0.393296
0.425341 0.42042 0.416648 0.416269 0.393092 0.397974
0.423557 0.418775 0.414037 0.414024 0.39035 0.392888
0.427275 0.422144 0.416328 0.41685 0.393758 0.395253
0.425697 0.42014 0.415251 0.414109 0.391853 0.394468
0.424404 0.41972 0.41485 0.414271 0.389509 0.394433
0.424728 0.419217 0.414962 0.414705 0.390536 0.392514
0.424663 0.420202 0.41511 0.414899 0.392892 0.393731
0.425317 0.419816 0.415669 0.413709 0.391773 0.392877
0.424787 0.420469 0.416409 0.415454 0.392922 0.394235
0.424105 0.418747 0.414615 0.413813 0.390376 0.394442
0.424639 0.420179 0.415264 0.414958 0.392311 0.393645
0.424634 0.420105 0.416009 0.414527 0.39081 0.392728
0.42437 0.420026 0.413846 0.414596 0.391349 0.393528
0.424491 0.4199 0.415492 0.414346 0.392079 0.392032
0.425813 0.419009 0.414668 0.413967 0.391358 0.391838
0.424827 0.420635 0.415908 0.415003 0.392532 0.394167
0.425134 0.420029 0.414826 0.415132 0.390678 0.391801
0.424319 0.420024 0.416135 0.416499 0.389654 0.395109
0.42578 0.420691 0.416093 0.415528 0.391738 0.393775
0.425122 0.41972 0.414913 0.414293 0.392407 0.392682
0.425134 0.419255 0.415276 0.414038 0.391889 0.393009
0.424559 0.420161 0.414948 0.414468 0.391475 0.392194
0.425539 0.419465 0.414428 0.415205 0.389546 0.393251
0.425734 0.421052 0.415035 0.415426 0.39347 0.394959
0.426361 0.420027 0.416154 0.414958 0.392878 0.394668
0.425859 0.421187 0.416156 0.416563 0.392975 0.397219
0.424945 0.419688 0.414904 0.415204 0.390543 0.394184
0.424866 0.420295 0.415507 0.415568 0.392364 0.394145
0.426211 0.420243 0.415948 0.415138 0.392827 0.394547
0.424456 0.419579 0.415016 0.41472 0.392894 0.394472
0.42485 0.419832 0.414576 0.414864 0.391763 0.393737
0.423304 0.419231 0.414768 0.414618 0.389661 0.393469
0.424299 0.419486 0.414618 0.414604 0.393074 0.393292
0.424563 0.419367 0.413241 0.413727 0.390093 0.393571
0.425084 0.420382 0.416179 0.415047 0.392702 0.394272
0.425247 0.419921 0.415121 0.415241 0.39246 0.39397
0.425328 0.419782 0.414129 0.414889 0.390601 0.393842
0.42449 0.419285 0.414985 0.41442 0.391949 0.392764
0.425349 0.41982 0.415607 0.415209 0.393391 0.394267
0.425055 0.419706 0.415015 0.41446 0.389789 0.393092
0.425217 0.420362 0.413833 0.415227 0.389551 0.391831
0.42335 0.419893 0.413951 0.41506 0.391228 0.39449
0.425041 0.419613 0.415215 0.414456 0.39101 0.393638
0.426927 0.421221 0.414847 0.415188 0.392415 0.393089
0.42591 0.421145 0.416197 0.415766 0.393367 0.39473
0.425328 0.420061 0.414298 0.414473 0.392119 0.395085
0.423963 0.418697 0.413735 0.411976 0.390575 0.392918
0.424864 0.420065 0.415226 0.414749 0.392566 0.393523
0.424625 0.419121 0.416773 0.415274 0.391694 0.393945
0.424826 0.419705 0.41482 0.413397 0.393139 0.393533
0.424816 0.421341 0.414883 0.415214 0.391042 0.391947
0.424097 0.419909 0.415322 0.414493 0.392361 0.393613
0.424965 0.42077 0.41507 0.414541 0.390015 0.391241
0.424644 0.418911 0.418373 0.41546 0.393683 0.396187
0.423413 0.419613 0.416102 0.414432 0.392115 0.393055
0.424979 0.419029 0.415462 0.413741 0.392959 0.391463
0.42629 0.420723 0.415671 0.415145 0.389167 0.391384
0.424227 0.420745 0.415039 0.415103 0.391265 0.394574
0.424697 0.419663 0.414369 0.414124 0.391635 0.393639
0.425473 0.420446 0.415153 0.413847 0.391955 0.392422
0.424698 0.420361 0.414204 0.415365 0.392758 0.395117
0.424674 0.419164 0.41425 0.414062 0.390706 0.392843
0.425727 0.420593 0.415059 0.415059 0.388902 0.393543
0.424825 0.418837 0.414768 0.41332 0.392019 0.392236
0.424871 0.419444 0.414614 0.413433 0.390604 0.391348
0.424575 0.419893 0.416123 0.415115 0.391221 0.394041
0.425338 0.420157 0.414888 0.415062 0.391612 0.393104
0.424663 0.420061 0.415699 0.414557 0.390179 0.393068
0.424184 0.420119 0.415269 0.415709 0.391876 0.39357
0.425862 0.421183 0.415989 0.416585 0.392527 0.39475
0.424502 0.419253 0.414769 0.414653 0.389886 0.393783
0.425023 0.420107 0.41493 0.414508 0.391419 0.394338
0.424342 0.419731 0.415653 0.41547 0.392264 0.394975
0.424148 0.418724 0.414285 0.414361 0.389934 0.392965
0.424026 0.418605 0.415201 0.414469 0.390551 0.393031
0.425125 0.420162 0.414885 0.414161 0.390746 0.392905
0.424339 0.419662 0.413563 0.414403 0.391094 0.390657
0.423972 0.419528 0.414216 0.413944 0.39194 0.393019
0.424376 0.420912 0.415423 0.415083 0.391972 0.393921
0.424542 0.420691 0.413793 0.414565 0.388804 0.393585
0.423222 0.418248 0.414533 0.413516 0.3919 0.393278
0.425093 0.420807 0.415458 0.414908 0.389775 0.393103
0.424522 0.418934 0.41457 0.413294 0.391467 0.391558
0.426117 0.420019 0.416471 0.414391 0.393102 0.394778
0.424542 0.419957 0.41473 0.413343 0.390093 0.390853
0.42556 0.419868 0.414108 0.414778 0.392232 0.393784
0.42402 0.418187 0.414564 0.413702 0.390229 0.394444
0.424901 0.41996 0.414918 0.41532 0.391724 0.393445
0.424478 0.420214 0.414225 0.414301 0.390177 0.393011
0.424901 0.419884 0.414707 0.413821 0.392343 0.394368
0.425175 0.420081 0.415423 0.415221 0.389208 0.39394
0.424848 0.41969 0.415667 0.414752 0.392045 0.39282
0.423101 0.418262 0.414652 0.413435 0.391295 0.393218
0.425286 0.420254 0.414705 0.415212 0.392334 0.39455
0.426065 0.419947 0.41539 0.414488 0.389626 0.393224
0.425349 0.419139 0.415846 0.415166 0.392655 0.394202
0.424543 0.419842 0.414494 0.414981 0.392015 0.39511
0.425503 0.420082 0.415921 0.415302 0.392167 0.394171
0.424457 0.419833 0.41456 0.41442 0.390192 0.39282
0.424452 0.419831 0.414891 0.414447 0.392174 0.394105
0.424053 0.419502 0.41496 0.414287 0.391887 0.393874
0.425349 0.420196 0.415475 0.414714 0.391871 0.391522
0.424993 0.420392 0.41387 0.415382 0.391038 0.392633
0.424607 0.4196 0.414564 0.414245 0.3926 0.393476
0.424552 0.41836 0.414341 0.413421 0.39015 0.392541
0.425283 0.419938 0.415546 0.414365 0.392669 0.393854
0.422863 0.418299 0.414503 0.414878 0.391556 0.394394
0.42522 0.420271 0.415072 0.414953 0.39349 0.393859
0.424296 0.419698 0.414503 0.414886 0.391895 0.393464
0.424945 0.420009 0.41569 0.413885 0.389804 0.393576
0.424761 0.419799 0.415182 0.415633 0.391504 0.392924
0.42409 0.419411 0.414542 0.414753 0.39089 0.392196
0.425573 0.420423 0.415495 0.414689 0.393292 0.393526
0.425627 0.419921 0.416305 0.415584 0.392161 0.395356
0.42582 0.420387 0.414449 0.414045 0.390368 0.391988
0.424968 0.419588 0.415103 0.413943 0.390028 0.39434
0.424861 0.419557 0.415015 0.413894 0.390048 0.394249
0.425337 0.41987 0.415419 0.415118 0.391835 0.39377
0.423922 0.418562 0.414191 0.412983 0.389798 0.390572
0.425315 0.419835 0.415416 0.41507 0.391831 0.39379
0.424416 0.420343 0.415296 0.414688 0.392296 0.392293
0.423565 0.42 0.413675 0.413674 0.389682 0.390965
0.424476 0.418912 0.415242 0.414275 0.39105 0.393143
0.425024 0.419713 0.414843 0.414822 0.390966 0.392891
0.424325 0.418555 0.414927 0.413193 0.389213 0.38933
0.425048 0.419463 0.414608 0.414877 0.391692 0.393588
0.425092 0.42026 0.414774 0.414747 0.392471 0.393525
0.425248 0.420412 0.41562 0.414351 0.392245 0.390989
0.423481 0.419001 0.413249 0.415583 0.391955 0.394507
0.424934 0.419609 0.414455 0.414719 0.392159 0.393467
0.425742 0.42 0.415 0.414671 0.391873 0.392685
0.425476 0.420248 0.415239 0.415049 0.389765 0.391958
0.425371 0.420149 0.41428 0.41394 0.389993 0.391783
0.424512 0.42021 0.414733 0.414728 0.389616 0.392183
0.424172 0.418152 0.415636 0.41258 0.394064 0.390509
0.425345 0.41994 0.414968 0.414716 0.391342 0.3925
0.423678 0.417486 0.413905 0.413828 0.389773 0.390428
0.424942 0.419215 0.413714 0.413138 0.392953 0.390633
0.423686 0.41741 0.413962 0.41379 0.389851 0.390273
0.423822 0.419308 0.414701 0.414152 0.391441 0.393422
0.423783 0.418685 0.414336 0.415126 0.392038 0.393161
0.424048 0.419585 0.415264 0.414778 0.390275 0.392136
0.424887 0.420589 0.41578 0.416119 0.392391 0.393888
0.425107 0.419606 0.414602 0.414429 0.392524 0.394449
0.425362 0.420494 0.414655 0.415302 0.3915 0.393451
0.42473 0.420239 0.415077 0.415048 0.390792 0.392584
0.42437 0.419337 0.414955 0.414616 0.390488 0.3931
0.425874 0.420501 0.416227 0.414567 0.391963 0.393136
0.426132 0.419531 0.416176 0.414625 0.392576 0.392801
0.425109 0.419741 0.41483 0.415144 0.391289 0.392378
0.425226 0.419567 0.416112 0.415033 0.392408 0.39476
0.424849 0.4201 0.416965 0.414867 0.392901 0.394046
0.426238 0.419821 0.415681 0.414871 0.392072 0.39584
0.424915 0.420011 0.415192 0.41537 0.391377 0.393436
0.424913 0.41981 0.416026 0.415315 0.392014 0.395396
0.424704 0.420107 0.413347 0.414284 0.391169 0.393582
0.425577 0.420607 0.415111 0.416318 0.390551 0.39454
0.424715 0.419078 0.415339 0.413623 0.396779 0.39271
0.42451 0.419125 0.414941 0.415214 0.391732 0.393099
0.424892 0.420137 0.415439 0.415017 0.390703 0.393451
0.424348 0.419208 0.414854 0.414794 0.391548 0.393657
0.424706 0.420455 0.415033 0.414926 0.391591 0.392863
0.42512 0.419081 0.414002 0.414297 0.390185 0.392262
0.423494 0.418638 0.414222 0.411984 0.390881 0.392843
0.423262 0.419495 0.414043 0.415944 0.390752 0.39387
0.42476 0.420089 0.414812 0.4168 0.393973 0.394784
0.424659 0.42065 0.414721 0.415497 0.392676 0.393559
0.425454 0.422056 0.415129 0.417112 0.392133 0.393465
0.424659 0.420037 0.414874 0.414529 0.391525 0.392326
0.425315 0.420828 0.415871 0.415255 0.392852 0.394189
0.425868 0.419141 0.415174 0.413607 0.392454 0.391306
0.423424 0.418884 0.414239 0.415569 0.391808 0.394274
0.424335 0.41908 0.414438 0.414043 0.390957 0.392007
0.425428 0.420741 0.414856 0.415494 0.391556 0.393587
0.424688 0.419373 0.414793 0.414505 0.390698 0.392483
0.424936 0.419335 0.415443 0.41448 0.390704 0.393344
0.425762 0.419829 0.415783 0.414739 0.391578 0.393157
0.425729 0.420621 0.4151 0.415807 0.39014 0.391339
0.424315 0.41923 0.414729 0.413777 0.393825 0.393738
0.424801 0.420193 0.415013 0.414841 0.391498 0.393965
0.424396 0.419145 0.417028 0.415382 0.398053 0.394314
0.42556 0.420526 0.415763 0.412629 0.390791 0.389789
0.425542 0.420569 0.414493 0.415144 0.392031 0.392805
0.424729 0.419556 0.414238 0.414848 0.391969 0.39264
