0.3927 0.7854 1.1781 1.5708 1.9635 2.3562
0.416267 0.413526 0.397436 0.375668 0.367036 0.333902
0.416123 0.412949 0.395576 0.374479 0.365881 0.333311
0.415054 0.413269 0.396503 0.375605 0.367067 0.331863
0.415392 0.414253 0.395786 0.376079 0.365693 0.330925
0.414707 0.411796 0.39437 0.374362 0.363496 0.329999
0.41621 0.413468 0.394226 0.375479 0.364413 0.329288
0.415536 0.412292 0.396419 0.375358 0.364593 0.332449
0.419507 0.416441 0.398349 0.376995 0.365296 0.330436
0.415028 0.412295 0.393726 0.375039 0.365114 0.33016
0.416122 0.413413 0.396493 0.375686 0.366396 0.331132
0.416729 0.414472 0.39651 0.376411 0.367352 0.333103
0.417052 0.415161 0.397119 0.377645 0.371033 0.334308
0.41677 0.414187 0.396024 0.375395 0.367244 0.331258
0.415665 0.411381 0.396802 0.373344 0.366719 0.331099
0.416017 0.41282 0.394783 0.373405 0.364678 0.332221
0.416232 0.411906 0.395242 0.37618 0.367517 0.33644
0.416047 0.413015 0.395752 0.374683 0.365643 0.33356
0.416822 0.414591 0.397241 0.376633 0.367546 0.334404
0.413834 0.41208 0.393996 0.376017 0.368141 0.333126
0.416112 0.412382 0.394477 0.37315 0.364073 0.331001
0.41696 0.415636 0.396498 0.377719 0.367078 0.333442
0.416589 0.413756 0.394815 0.375788 0.366235 0.333737
0.415923 0.413774 0.396854 0.375685 0.367798 0.334109
0.415414 0.412053 0.396171 0.371585 0.367866 0.332112
0.416452 0.413946 0.396632 0.375159 0.367476 0.333127
0.417213 0.412944 0.39618 0.375323 0.367744 0.334212
0.416188 0.413596 0.394825 0.375507 0.365639 0.331978
0.416478 0.414746 0.396078 0.376326 0.366063 0.331193
0.416062 0.413242 0.397014 0.375401 0.369104 0.335995
0.416715 0.41595 0.397995 0.377588 0.369603 0.333954
0.41639 0.413809 0.396553 0.375449 0.366434 0.331599
0.418534 0.416186 0.399001 0.378392 0.368758 0.336179
0.415365 0.414251 0.396665 0.376486 0.366989 0.332359
0.415696 0.413668 0.396656 0.37337 0.365503 0.328797
0.416853 0.415068 0.396831 0.377098 0.369001 0.335426
0.415819 0.412765 0.39572 0.374001 0.365728 0.331669
0.415745 0.414198 0.394012 0.375425 0.368978 0.333793
0.415163 0.413206 0.393116 0.375783 0.365766 0.330049
0.416595 0.413777 0.396037 0.376441 0.368325 0.336546
0.414855 0.412597 0.393895 0.372149 0.365753 0.33019
0.416797 0.414461 0.397266 0.374818 0.366792 0.333919
0.417364 0.415975 0.39717 0.378183 0.366439 0.334405
0.414681 0.412005 0.393385 0.373863 0.364966 0.331513
0.414967 0.412725 0.394539 0.375057 0.367162 0.332984
0.4187 0.414272 0.397843 0.375313 0.367857 0.333644
0.416453 0.412334 0.396705 0.376489 0.368884 0.334521
0.415823 0.414725 0.396931 0.37767 0.368227 0.334798
0.416621 0.414709 0.396696 0.377358 0.367114 0.333476
0.415164 0.412884 0.395166 0.375583 0.366053 0.333416
0.417229 0.416905 0.397399 0.37767 0.368709 0.335983
0.416891 0.414871 0.397369 0.377168 0.368645 0.332887
0.415875 0.413612 0.395846 0.375222 0.364435 0.329758
0.417104 0.414307 0.397138 0.376004 0.367358 0.334017
0.416444 0.414366 0.39729 0.377106 0.367947 0.333241
0.415637 0.41215 0.394972 0.374475 0.367537 0.333156
0.416737 0.413674 0.396093 0.376196 0.368423 0.334903
0.419002 0.415638 0.398014 0.376797 0.370317 0.335151
0.417625 0.415898 0.396497 0.377038 0.368336 0.334996
0.416372 0.414218 0.395555 0.377145 0.367167 0.33452
0.418139 0.415485 0.397994 0.377471 0.369559 0.334549
0.417227 0.415143 0.398594 0.374685 0.368481 0.332125
0.4176 0.41488 0.396288 0.376026 0.367266 0.333979
0.417188 0.414866 0.396047 0.377801 0.367603 0.335321
0.413579 0.412016 0.39582 0.372037 0.366777 0.334294
0.416025 0.414819 0.397549 0.378366 0.368193 0.336082
0.417675 0.415281 0.395527 0.3771 0.368456 0.332893
0.416099 0.413951 0.396496 0.375558 0.367398 0.333185
0.416373 0.41379 0.395678 0.376186 0.366928 0.332096
0.416008 0.413295 0.394708 0.375804 0.365061 0.332146
0.415709 0.413242 0.396467 0.374639 0.365709 0.331446
0.416509 0.412784 0.394544 0.374838 0.365769 0.332141
0.417316 0.413352 0.397092 0.375953 0.366132 0.333413
0.416337 0.414578 0.395868 0.377326 0.367344 0.333982
0.416696 0.415025 0.396363 0.37754 0.366889 0.333348
0.419259 0.415343 0.399099 0.376673 0.3668 0.331118
0.416404 0.413387 0.395114 0.375708 0.367236 0.333504
0.417292 0.414567 0.396677 0.376328 0.366108 0.330764
0.41766 0.415619 0.398635 0.37599 0.363823 0.330862
0.416193 0.413395 0.393814 0.37587 0.365682 0.33247
0.41801 0.41463 0.398503 0.377284 0.369325 0.338201
0.416689 0.414039 0.39608 0.376819 0.366342 0.331535
0.41455 0.412982 0.393669 0.374932 0.364901 0.332091
0.4161 0.414491 0.395986 0.376566 0.366901 0.333648
0.416054 0.412827 0.393918 0.373733 0.365235 0.328886
0.416326 0.414323 0.395533 0.376711 0.366758 0.332731
0.415087 0.411958 0.395968 0.373599 0.366744 0.334973
0.417224 0.41309 0.395637 0.373514 0.367717 0.330093
0.415387 0.412396 0.393693 0.372351 0.366951 0.329322
0.416056 0.414544 0.394976 0.375516 0.365138 0.33222
0.416096 0.4138 0.396486 0.372674 0.365701 0.332408
0.415496 0.414503 0.39644 0.374551 0.367094 0.332984
0.415627 0.413555 0.395046 0.375799 0.365999 0.33348
0.416223 0.413884 0.397104 0.375501 0.367436 0.335974
0.416144 0.414373 0.396505 0.375382 0.367275 0.333563
0.41513 0.413213 0.394596 0.37394 0.365676 0.332198
0.415189 0.412309 0.394029 0.3748 0.365478 0.333252
0.4161 0.412332 0.394886 0.374592 0.366676 0.332962
0.415644 0.413493 0.396671 0.375053 0.367652 0.334517
0.41718 0.413513 0.397638 0.374196 0.368218 0.333401
0.416309 0.414298 0.396797 0.37734 0.367793 0.334548
0.416415 0.413865 0.395973 0.376414 0.368522 0.333913
0.416193 0.414461 0.395611 0.375508 0.36778 0.33457
0.416352 0.413619 0.396853 0.376695 0.367455 0.332769
0.416371 0.414454 0.397788 0.376302 0.368762 0.334815
0.415942 0.412063 0.3958 0.374378 0.365204 0.331974
0.416001 0.412631 0.395507 0.374552 0.366262 0.332509
0.418342 0.41543 0.397514 0.378959 0.370931 0.336063
0.416391 0.413401 0.397693 0.374087 0.36746 0.331686
0.41687 0.412993 0.395633 0.375165 0.368371 0.332369
0.416122 0.413561 0.395141 0.374685 0.3661 0.332437
0.416492 0.412559 0.395399 0.376558 0.36584 0.333836
0.415986 0.414852 0.395462 0.376274 0.365675 0.333969
0.416378 0.41515 0.399056 0.377322 0.367636 0.335801
0.416953 0.4138 0.396962 0.375879 0.368227 0.334926
0.413981 0.410662 0.393475 0.372632 0.365559 0.33063
0.415699 0.413902 0.396176 0.376677 0.3668 0.333307
0.418339 0.414186 0.396988 0.374366 0.365962 0.329886
0.416125 0.413752 0.397475 0.37547 0.369295 0.336249
0.416821 0.412581 0.396796 0.376167 0.368344 0.333142
0.416666 0.414327 0.397732 0.377049 0.368699 0.333548
0.415173 0.413287 0.395613 0.375447 0.370788 0.331333
0.415361 0.412451 0.393716 0.374469 0.366923 0.335549
0.414865 0.4125 0.395779 0.375154 0.365823 0.332865
0.414061 0.411699 0.393261 0.373815 0.366389 0.333076
0.416331 0.413973 0.395584 0.376098 0.366641 0.33323
0.417736 0.415091 0.397424 0.377739 0.367711 0.334224
0.418986 0.417822 0.399315 0.378207 0.369506 0.333642
0.416596 0.413883 0.395802 0.377259 0.367767 0.332821
0.418292 0.414863 0.397143 0.375764 0.367831 0.332595
0.416055 0.413494 0.396641 0.376011 0.366629 0.332693
0.416926 0.414446 0.396234 0.376381 0.367424 0.333059
0.415849 0.414313 0.395913 0.376446 0.3647 0.332242
0.415167 0.413179 0.393925 0.375473 0.36592 0.332439
0.417118 0.413801 0.396993 0.375726 0.369195 0.334046
0.413937 0.412223 0.395184 0.375187 0.366173 0.332539
0.414892 0.413101 0.395819 0.375899 0.366637 0.333239
0.414398 0.411785 0.395019 0.373918 0.367244 0.336075
0.417353 0.413796 0.396393 0.375314 0.366697 0.333215
0.414905 0.412996 0.394311 0.375138 0.364747 0.332539
0.41671 0.413204 0.396943 0.376159 0.368113 0.333595
0.41803 0.413404 0.394895 0.375934 0.367133 0.332408
0.416964 0.414588 0.396266 0.377246 0.365986 0.335392
0.414949 0.412141 0.39495 0.374833 0.36558 0.333252
0.419658 0.416563 0.398948 0.378543 0.369801 0.336198
0.415941 0.413753 0.395827 0.375526 0.36581 0.330117
0.414777 0.411405 0.394121 0.37523 0.365139 0.332186
0.41506 0.411503 0.39719 0.375283 0.370098 0.334264
0.41617 0.413881 0.396116 0.37589 0.366628 0.331398
0.41764 0.414026 0.397426 0.376473 0.367852 0.333639
0.416886 0.414322 0.397108 0.376637 0.368142 0.334004
0.416215 0.41436 0.395575 0.376321 0.364086 0.332876
0.417669 0.413726 0.397388 0.374799 0.368216 0.332827
0.4148 0.411611 0.394784 0.373353 0.366796 0.334176
0.417394 0.413569 0.396931 0.375116 0.36874 0.333767
0.416217 0.414306 0.396398 0.374517 0.365702 0.330815
0.417387 0.415583 0.397945 0.376842 0.36836 0.333352
0.415806 0.413438 0.396304 0.376563 0.367855 0.335957
0.416042 0.413429 0.396614 0.375386 0.36775 0.332876
0.415964 0.413574 0.396501 0.373798 0.365735 0.331655
0.416769 0.413369 0.397557 0.375377 0.368147 0.332267
0.415265 0.413029 0.394887 0.374613 0.365917 0.331764
0.41636 0.413407 0.394811 0.374534 0.36608 0.331088
0.416226 0.415123 0.397159 0.376485 0.367429 0.33234
0.416393 0.41502 0.397358 0.378484 0.367225 0.334577
0.41572 0.412818 0.396286 0.374857 0.366713 0.33163
0.41576 0.413097 0.395123 0.374436 0.36562 0.332926
0.417126 0.41472 0.397149 0.376267 0.366803 0.335105
0.415822 0.413813 0.396959 0.376375 0.367079 0.334905
0.413214 0.412177 0.393283 0.375074 0.363565 0.332695
0.419237 0.41545 0.398281 0.377658 0.369719 0.335252
0.416897 0.413584 0.396244 0.375787 0.368341 0.334577
0.415599 0.413292 0.395828 0.375885 0.36666 0.334712
0.415786 0.413449 0.395709 0.375119 0.365839 0.33138
0.416936 0.414272 0.396991 0.376109 0.369513 0.332703
0.416719 0.415589 0.396372 0.376464 0.366011 0.33169
0.417514 0.414575 0.397184 0.376484 0.36747 0.333252
0.415946 0.412782 0.395283 0.375476 0.365391 0.33325
0.416397 0.415164 0.395921 0.378375 0.367081 0.332988
0.417137 0.414152 0.398201 0.376363 0.367613 0.332184
0.415811 0.414056 0.395397 0.376987 0.367009 0.333601
0.414893 0.414029 0.398214 0.37542 0.367693 0.330681
0.414756 0.411118 0.395395 0.372964 0.364902 0.330169
0.416534 0.415005 0.396273 0.376416 0.367892 0.333672
0.417235 0.414398 0.396752 0.377763 0.365884 0.332567
0.416892 0.415546 0.395919 0.381308 0.36692 0.337244
0.417465 0.414243 0.396704 0.375201 0.366757 0.333822
0.415991 0.412491 0.395413 0.374062 0.366789 0.331456
0.416445 0.413288 0.395861 0.37485 0.366529 0.332427
0.418068 0.415184 0.397686 0.375356 0.367503 0.331081
0.416093 0.413373 0.394824 0.375412 0.365052 0.332397
0.417188 0.415864 0.39427 0.377115 0.368482 0.336561
0.417933 0.41504 0.395886 0.377256 0.366758 0.332501
0.416839 0.413903 0.397176 0.378716 0.369602 0.337592
0.416504 0.413852 0.396186 0.377168 0.367946 0.336351
0.415872 0.413605 0.395222 0.376211 0.367472 0.334137
0.416138 0.413838 0.396983 0.375293 0.367155 0.333257
0.414996 0.412252 0.394239 0.376867 0.366085 0.334226
0.416387 0.414258 0.396176 0.377492 0.365979 0.332724
0.415633 0.413136 0.396622 0.37404 0.364093 0.331553
0.415522 0.412727 0.3946 0.375244 0.366364 0.332851
0.414913 0.412959 0.394577 0.374628 0.36647 0.332618
0.417147 0.414406 0.39688 0.376144 0.368327 0.334364
0.414874 0.41328 0.395993 0.376371 0.367006 0.333942
0.415599 0.412344 0.395166 0.375142 0.366225 0.334982
0.415307 0.41282 0.394645 0.375418 0.3658 0.332856
0.415992 0.413768 0.396096 0.376317 0.367416 0.334992
0.416068 0.414302 0.395338 0.376403 0.364 0.333174
0.415911 0.413338 0.394981 0.375434 0.363616 0.329484
0.415594 0.412911 0.394833 0.375297 0.367137 0.333307
0.415541 0.412497 0.394405 0.374689 0.365913 0.332533
0.417483 0.415105 0.396769 0.37691 0.367934 0.334717
0.417123 0.415137 0.39692 0.376936 0.368786 0.334651
0.416731 0.414012 0.39539 0.376168 0.368005 0.334647
0.414785 0.412453 0.394636 0.373077 0.366676 0.331919
0.416519 0.413926 0.396825 0.375686 0.367896 0.332639
0.416226 0.414861 0.395944 0.378819 0.367189 0.335436
0.415839 0.412714 0.395708 0.372951 0.367666 0.330584
0.41731 0.414339 0.395048 0.37559 0.365233 0.32979
0.414196 0.414447 0.395793 0.3774 0.366241 0.333096
0.41721 0.415812 0.396019 0.3771 0.36497 0.331921
0.41465 0.413795 0.398375 0.376751 0.366831 0.335682
0.416165 0.415015 0.3966 0.377765 0.366437 0.333136
0.416085 0.413874 0.396244 0.376535 0.369145 0.333282
0.418267 0.416661 0.396839 0.378328 0.366507 0.332782
0.415961 0.413892 0.395656 0.37555 0.366189 0.33314
0.415319 0.413945 0.396969 0.375998 0.367621 0.332646
0.418848 0.41445 0.396785 0.376326 0.36752 0.333209
0.416724 0.414083 0.39519 0.377744 0.369106 0.335283
0.414899 0.411422 0.39408 0.372507 0.364573 0.330496
0.41737 0.41456 0.396483 0.376215 0.36529 0.33305
0.41653 0.412293 0.397036 0.374259 0.368343 0.332179
0.415649 0.412536 0.3971 0.374007 0.367584 0.331626
0.4163 0.412832 0.395581 0.376519 0.365866 0.333033
0.416124 0.415259 0.396258 0.376111 0.366551 0.332623
0.415623 0.413539 0.395276 0.375292 0.364456 0.331683
0.415632 0.414175 0.396211 0.376077 0.368762 0.333156
0.416445 0.413934 0.395538 0.376199 0.367274 0.334414
0.416392 0.413475 0.395546 0.375616 0.36488 0.331559
0.414912 0.411844 0.394867 0.373132 0.364612 0.333497
0.41471 0.413883 0.39715 0.377745 0.366614 0.337358
0.416375 0.413892 0.396157 0.376029 0.366404 0.332256
0.414982 0.412285 0.396006 0.37502 0.364716 0.33221
0.417072 0.41484 0.396488 0.377193 0.366372 0.332123
0.415324 0.412572 0.394679 0.374316 0.366609 0.331469
0.41438 0.411431 0.394011 0.372694 0.365958 0.331576
0.416261 0.414222 0.396722 0.376018 0.366908 0.333465
0.415956 0.413637 0.394918 0.374354 0.365209 0.331295
0.414204 0.412339 0.394917 0.375216 0.367638 0.334861
0.415399 0.412667 0.395432 0.374875 0.3663 0.332108
0.414385 0.412065 0.394711 0.374749 0.366793 0.332642
0.415202 0.412867 0.395329 0.376281 0.36709 0.334536
0.416593 0.413441 0.39501 0.374476 0.366002 0.330903
0.416684 0.413913 0.395394 0.374957 0.367877 0.333312
0.41476 0.412646 0.394754 0.376226 0.365217 0.334785
0.415866 0.412789 0.394709 0.375888 0.367304 0.333268
0.415832 0.412935 0.395745 0.374212 0.366526 0.331648
0.415203 0.413379 0.395407 0.374621 0.36652 0.333249
0.417017 0.414868 0.397296 0.376602 0.3655 0.332448
0.415757 0.413716 0.396585 0.376452 0.366904 0.334025
0.415022 0.411945 0.395843 0.374361 0.367447 0.334584
0.415825 0.413655 0.394922 0.376962 0.367133 0.333599
0.417148 0.414665 0.396905 0.376026 0.367182 0.333538
0.416575 0.414399 0.396895 0.377593 0.366953 0.334145
0.415907 0.413482 0.395335 0.376986 0.368647 0.338084
0.416299 0.413346 0.396719 0.375853 0.367365 0.334706
0.417339 0.41552 0.395986 0.37691 0.36696 0.333513
0.416254 0.413868 0.396678 0.375872 0.368641 0.335233
0.415824 0.413335 0.395645 0.374992 0.366652 0.332444
0.416182 0.414263 0.396894 0.375059 0.367035 0.331102
0.416159 0.414613 0.395475 0.376739 0.367069 0.332256
0.415541 0.412241 0.394538 0.375084 0.368684 0.334759
0.415595 0.412511 0.394303 0.374027 0.364981 0.331381
0.416223 0.413709 0.396925 0.37629 0.366185 0.333613
0.415108 0.412638 0.395325 0.374833 0.366499 0.334233
0.416527 0.414267 0.395813 0.377413 0.367962 0.333445
0.416458 0.414662 0.395979 0.377094 0.368126 0.332915
0.416335 0.413481 0.395787 0.374227 0.365776 0.333598
0.416136 0.41412 0.397119 0.377486 0.367048 0.333726
0.416497 0.41459 0.396137 0.377507 0.368369 0.333916
0.417783 0.414454 0.397164 0.377138 0.367989 0.334668
0.416088 0.414065 0.396717 0.377121 0.367753 0.335139
0.416124 0.412227 0.395613 0.373129 0.365439 0.331055
0.415665 0.412343 0.3961 0.373098 0.366862 0.334012
0.415669 0.412366 0.396048 0.373157 0.366986 0.334142
0.416049 0.41292 0.395644 0.374698 0.366725 0.333682
0.416059 0.412934 0.394574 0.374445 0.363616 0.329279
0.416016 0.412885 0.395635 0.374656 0.366718 0.333726
0.415265 0.414341 0.394958 0.374764 0.365159 0.332648
0.415493 0.413635 0.396178 0.373969 0.36773 0.331104
0.41644 0.414217 0.397913 0.376774 0.367463 0.334513
0.416465 0.414096 0.396074 0.376215 0.366257 0.333527
0.414679 0.411507 0.393354 0.372669 0.36344 0.328871
0.416218 0.413948 0.394968 0.376328 0.366231 0.333889
0.417231 0.414843 0.397739 0.377274 0.370241 0.335459
0.415899 0.415214 0.395498 0.376408 0.367806 0.331137
0.414874 0.41256 0.394915 0.376458 0.368862 0.3349
0.416297 0.412921 0.395466 0.374941 0.366544 0.330986
0.41589 0.414746 0.396616 0.377162 0.366985 0.334882
0.416938 0.414985 0.398094 0.375317 0.366695 0.331717
0.415848 0.413172 0.394677 0.373387 0.365004 0.331501
0.416122 0.41482 0.396449 0.375752 0.366828 0.332886
0.41595 0.413745 0.398977 0.374567 0.371016 0.333458
0.416985 0.413496 0.396135 0.376684 0.36688 0.331931
0.414695 0.410765 0.395075 0.373416 0.363871 0.32951
0.416402 0.412593 0.39508 0.373349 0.367845 0.328576
0.414628 0.410778 0.395156 0.373439 0.363901 0.329503
0.41533 0.413607 0.396227 0.375588 0.366738 0.333106
0.415695 0.412294 0.395196 0.375302 0.367429 0.331948
0.415374 0.412555 0.396193 0.374336 0.366455 0.332298
0.416957 0.414834 0.396466 0.377301 0.36873 0.334771
0.415982 0.41292 0.396356 0.373813 0.365498 0.331662
0.417016 0.414939 0.395844 0.377047 0.36713 0.334443
0.414947 0.412118 0.394681 0.373744 0.366284 0.333418
0.415438 0.413099 0.395409 0.374549 0.366719 0.334403
0.417222 0.414875 0.395925 0.376099 0.36871 0.334075
0.417227 0.414568 0.396283 0.377261 0.365701 0.332576
0.416181 0.414062 0.396545 0.376414 0.367 0.333057
0.418261 0.41588 0.399425 0.378805 0.368549 0.333656
0.416822 0.415751 0.397375 0.378828 0.369333 0.336005
0.415595 0.412916 0.396394 0.374261 0.366971 0.333666
0.415904 0.414845 0.397845 0.377752 0.368313 0.336002
0.415921 0.413143 0.397358 0.37601 0.367856 0.334257
0.414611 0.412689 0.395661 0.372758 0.366443 0.33105
0.416923 0.414189 0.398006 0.37655 0.366913 0.332612
0.417088 0.413931 0.397046 0.373153 0.372716 0.332731
0.415984 0.413254 0.39698 0.375951 0.367208 0.333191
0.414837 0.412734 0.395501 0.373366 0.365133 0.332601
0.415145 0.412248 0.395798 0.374541 0.366347 0.333174
0.415789 0.413087 0.395365 0.374798 0.367063 0.333128
0.415678 0.413117 0.394774 0.374986 0.366234 0.332723
0.413218 0.411828 0.396325 0.373244 0.365918 0.331853
0.415895 0.413705 0.395674 0.374769 0.367779 0.33313
0.414683 0.413211 0.3949 0.378287 0.368571 0.336068
0.416532 0.415322 0.396699 0.377929 0.368878 0.334122
0.416783 0.415227 0.395751 0.377749 0.363156 0.331102
0.416129 0.413193 0.396096 0.373934 0.368075 0.333013
0.416914 0.414431 0.396707 0.37614 0.368212 0.332906
0.416603 0.413229 0.396276 0.376374 0.366062 0.332804
0.415815 0.413025 0.396343 0.376764 0.369869 0.335485
0.415721 0.412485 0.395546 0.375107 0.365787 0.331271
0.416767 0.413941 0.39641 0.37629 0.368642 0.334297
0.415878 0.413268 0.396096 0.375955 0.366185 0.333119
0.415481 0.413292 0.396861 0.3739 0.365577 0.333789
0.415608 0.413359 0.395582 0.374317 0.365522 0.33042
0.418371 0.414991 0.397761 0.377546 0.367617 0.331172
0.41645 0.413089 0.396741 0.375624 0.368965 0.333337
0.417229 0.414351 0.396988 0.377015 0.368364 0.334342
0.417311 0.413404 0.39951 0.375861 0.374149 0.334613
0.417287 0.413967 0.397648 0.375593 0.366848 0.331477
0.415768 0.412849 0.394827 0.375908 0.367329 0.332282
0.417149 0.415212 0.395488 0.378686 0.366745 0.334267
