0.58905 1.1781 1.76715 2.3562 2.9452499 3.5343
0.422818 0.421121 0.373876 0.350315 0.293955 0.26442
0.423008 0.423464 0.373387 0.351537 0.289054 0.260712
0.421909 0.421176 0.373341 0.349555 0.294133 0.264272
0.422187 0.420341 0.372652 0.350377 0.29061 0.261845
0.42073 0.421812 0.370311 0.350168 0.291522 0.259593
0.421289 0.421467 0.370247 0.35134 0.288926 0.259661
0.424273 0.423929 0.373585 0.353279 0.29623 0.264917
0.427618 0.426597 0.373716 0.351277 0.290191 0.260068
0.421639 0.420224 0.371148 0.348874 0.291247 0.259333
0.422699 0.423112 0.372192 0.352871 0.296309 0.265207
0.424204 0.423602 0.373084 0.350373 0.293471 0.263445
0.424889 0.423576 0.374704 0.352709 0.295111 0.264427
0.424355 0.423053 0.373445 0.350511 0.29308 0.263581
0.426344 0.422376 0.376355 0.348896 0.292899 0.260289
0.423129 0.422263 0.37018 0.348527 0.28707 0.258789
0.42612 0.423188 0.372067 0.35537 0.296704 0.272847
0.423482 0.422184 0.372426 0.350358 0.290972 0.265739
0.423056 0.422097 0.371852 0.351951 0.292297 0.262731
0.420671 0.418694 0.370457 0.347218 0.292612 0.262649
0.422598 0.420336 0.369409 0.347603 0.28865 0.26312
0.424553 0.424217 0.373703 0.352415 0.29275 0.265188
0.423212 0.422133 0.371692 0.352518 0.292666 0.268423
0.423698 0.423236 0.373414 0.351452 0.292511 0.265573
0.422722 0.423786 0.371883 0.350539 0.292285 0.265361
0.422578 0.42184 0.371356 0.350754 0.29256 0.266118
0.423577 0.421597 0.372037 0.351118 0.293201 0.265379
0.42189 0.42116 0.371123 0.350504 0.28916 0.259532
0.422884 0.42319 0.373861 0.351623 0.293663 0.263465
0.424518 0.425172 0.375144 0.352854 0.29452 0.268056
0.424021 0.425238 0.374607 0.352916 0.301262 0.271929
0.424357 0.425072 0.374253 0.352525 0.293127 0.261003
0.42333 0.423458 0.372828 0.352836 0.293034 0.264268
0.423162 0.423139 0.372907 0.351829 0.2924 0.266311
0.42105 0.419768 0.372897 0.348642 0.291246 0.263993
0.424351 0.42345 0.375069 0.35602 0.294109 0.266413
0.422521 0.422217 0.371253 0.34961 0.29133 0.263829
0.422797 0.421443 0.370276 0.350835 0.294625 0.261998
0.422146 0.420952 0.371233 0.351037 0.289611 0.265202
0.423572 0.423429 0.371735 0.350619 0.293302 0.273246
0.423315 0.422347 0.376401 0.349111 0.294562 0.267274
0.425607 0.42266 0.375474 0.350238 0.291454 0.26327
0.4235 0.422268 0.37343 0.353603 0.294692 0.266498
0.420029 0.419438 0.369341 0.350207 0.292665 0.263779
0.421245 0.421083 0.372166 0.350508 0.29361 0.263578
0.425904 0.424375 0.374436 0.351985 0.292202 0.262995
0.423842 0.421366 0.373475 0.350533 0.294676 0.268347
0.421739 0.420912 0.370697 0.351831 0.292365 0.266082
0.424203 0.423944 0.374125 0.352583 0.292796 0.267021
0.421631 0.420156 0.371031 0.348994 0.290018 0.26368
0.423454 0.42189 0.371085 0.351555 0.29144 0.26595
0.424174 0.423484 0.374502 0.353371 0.294038 0.264523
0.423387 0.423063 0.3732 0.352293 0.290564 0.263115
0.42337 0.423841 0.374268 0.352994 0.294003 0.26912
0.422306 0.420826 0.371851 0.350562 0.291549 0.263824
0.4214 0.421564 0.369854 0.350276 0.292016 0.263476
0.423149 0.421548 0.37226 0.352192 0.294668 0.268821
0.424578 0.422449 0.373278 0.350688 0.296223 0.266561
0.424465 0.42271 0.374089 0.350704 0.293103 0.267348
0.422443 0.421835 0.370641 0.351254 0.292654 0.264356
0.424053 0.42166 0.372881 0.351752 0.296046 0.264599
0.421967 0.421219 0.372337 0.346426 0.291531 0.259995
0.422548 0.422409 0.371049 0.349405 0.292395 0.264568
0.423033 0.42279 0.373434 0.35439 0.295466 0.265442
0.422133 0.421452 0.374838 0.346094 0.294874 0.26742
0.422897 0.423895 0.372697 0.354411 0.292469 0.265586
0.423775 0.421999 0.373356 0.351887 0.294188 0.26435
0.422969 0.422865 0.373408 0.350373 0.293705 0.265225
0.423559 0.423676 0.372211 0.352177 0.292787 0.26443
0.423594 0.422349 0.371392 0.35159 0.289486 0.263454
0.423211 0.421831 0.373065 0.348787 0.292985 0.262212
0.423199 0.422576 0.371957 0.353362 0.294073 0.264577
0.423835 0.421856 0.372813 0.35031 0.292387 0.264485
0.423775 0.424785 0.372681 0.353515 0.29303 0.267128
0.422109 0.422351 0.370095 0.350851 0.291801 0.268303
0.425668 0.425575 0.374969 0.352492 0.293381 0.26223
0.422883 0.422021 0.370823 0.352173 0.293931 0.267278
0.421198 0.420824 0.370506 0.351006 0.293669 0.265528
0.422188 0.424283 0.37355 0.353435 0.284662 0.262552
0.422065 0.422144 0.370958 0.35063 0.290025 0.266564
0.424124 0.424515 0.374639 0.354369 0.29247 0.270769
0.423694 0.420998 0.372739 0.352071 0.292721 0.264844
0.421436 0.421288 0.371059 0.351331 0.29151 0.267846
0.422615 0.423014 0.371681 0.351577 0.290893 0.265823
0.423471 0.422228 0.371636 0.350699 0.289813 0.258023
0.424559 0.425315 0.373442 0.352686 0.292566 0.261954
0.420973 0.419934 0.370764 0.349984 0.292856 0.266288
0.424333 0.423827 0.373058 0.34903 0.295632 0.263995
0.422504 0.419894 0.371418 0.344946 0.29005 0.259088
0.422793 0.422571 0.368855 0.348247 0.288281 0.262817
0.424118 0.423832 0.373742 0.348834 0.292991 0.261119
0.421905 0.423296 0.373481 0.348796 0.29181 0.264167
0.422361 0.421851 0.37141 0.350938 0.291143 0.26237
0.423934 0.421529 0.374084 0.350108 0.292783 0.26718
0.423963 0.425195 0.374421 0.352554 0.294282 0.265959
0.4219 0.421138 0.371797 0.350635 0.289936 0.266187
0.423233 0.423889 0.37147 0.352887 0.288474 0.26027
0.423427 0.42199 0.372111 0.350456 0.293676 0.266869
0.422466 0.422481 0.372706 0.35041 0.294146 0.266387
0.42372 0.422385 0.373686 0.352717 0.295485 0.266576
0.422357 0.421932 0.373814 0.351855 0.293464 0.261931
0.422612 0.421577 0.370959 0.352206 0.293214 0.263616
0.422603 0.420628 0.370813 0.348303 0.293281 0.264366
0.420356 0.420596 0.371428 0.353105 0.296698 0.263236
0.42348 0.423052 0.375345 0.351994 0.293953 0.265551
0.424018 0.422715 0.372295 0.351523 0.290145 0.266104
0.422115 0.421886 0.371095 0.34959 0.287782 0.258782
0.424497 0.422472 0.373885 0.353631 0.296348 0.267382
0.424229 0.422389 0.373474 0.349605 0.291576 0.266362
0.42478 0.421135 0.372674 0.351317 0.293703 0.265701
0.424805 0.424688 0.373989 0.351448 0.292568 0.265879
0.42319 0.42313 0.371084 0.353415 0.291784 0.262793
0.422893 0.424303 0.37263 0.35109 0.29025 0.261812
0.424576 0.428558 0.377598 0.355603 0.293185 0.269941
0.423958 0.423804 0.374827 0.352706 0.294718 0.267726
0.4215 0.42002 0.371033 0.350462 0.292101 0.263396
0.421998 0.420831 0.372787 0.351749 0.29322 0.264599
0.423846 0.424277 0.372962 0.351535 0.289168 0.261608
0.423813 0.422985 0.373933 0.35214 0.294106 0.266975
0.424221 0.423653 0.374154 0.354759 0.294524 0.264002
0.422705 0.422649 0.373717 0.35332 0.294791 0.266221
0.42594 0.422929 0.378079 0.352144 0.301574 0.268707
0.415549 0.41531 0.364863 0.347564 0.290417 0.271769
0.422915 0.423596 0.371637 0.351845 0.294958 0.265918
0.421199 0.421552 0.37112 0.351868 0.293422 0.265223
0.423014 0.42335 0.37133 0.352122 0.292516 0.269596
0.424392 0.42436 0.373363 0.34959 0.295021 0.266256
0.423996 0.423397 0.373909 0.353101 0.295462 0.262368
0.424142 0.424345 0.371654 0.354003 0.29533 0.265424
0.423241 0.420395 0.369812 0.350745 0.292515 0.265708
0.42379 0.422787 0.373973 0.351192 0.297547 0.262821
0.423111 0.421825 0.369845 0.350134 0.293177 0.265067
0.423108 0.421575 0.371545 0.350197 0.293446 0.264812
0.42203 0.420882 0.370837 0.350971 0.291844 0.264736
0.422215 0.422303 0.372832 0.350867 0.296706 0.265346
0.420707 0.420514 0.372712 0.349986 0.287204 0.25965
0.422073 0.422233 0.372808 0.350783 0.292645 0.265035
0.423321 0.42201 0.374412 0.350964 0.294753 0.266426
0.425825 0.424223 0.374481 0.353094 0.29436 0.264172
0.422423 0.421273 0.371175 0.349762 0.293503 0.261193
0.423593 0.42288 0.372914 0.353678 0.29578 0.266624
0.425807 0.424245 0.374282 0.352793 0.294411 0.266317
0.423158 0.422744 0.371513 0.3518 0.293977 0.270009
0.420804 0.421745 0.372842 0.350875 0.292078 0.262623
0.424193 0.422499 0.374491 0.353675 0.294127 0.265509
0.423685 0.424254 0.372879 0.352374 0.291921 0.261834
0.421908 0.420775 0.371268 0.351886 0.293012 0.264294
0.423352 0.419733 0.377289 0.34884 0.290225 0.261194
0.423263 0.423378 0.373278 0.352509 0.290959 0.261533
0.424652 0.423496 0.371898 0.351723 0.291525 0.262318
0.422895 0.421722 0.373089 0.351302 0.292883 0.263562
0.421868 0.42135 0.370349 0.350303 0.291275 0.265937
0.422449 0.421599 0.37156 0.349442 0.293478 0.262727
0.422877 0.420588 0.372779 0.347446 0.295119 0.266998
0.424177 0.423635 0.374205 0.352558 0.292917 0.266785
0.423095 0.422186 0.371458 0.351116 0.290013 0.263744
0.422348 0.421674 0.371031 0.351053 0.291496 0.262037
0.422553 0.422158 0.373032 0.352255 0.296548 0.266527
0.422203 0.420945 0.372551 0.352517 0.295835 0.271314
0.422069 0.421747 0.370328 0.349002 0.291175 0.262437
0.423429 0.422618 0.373349 0.351146 0.293319 0.264206
0.421122 0.419487 0.370626 0.349412 0.292573 0.263313
0.42327 0.421529 0.370723 0.350076 0.292061 0.260899
0.42315 0.422988 0.373522 0.350171 0.29402 0.26433
0.423305 0.42395 0.372483 0.353491 0.2913 0.26594
0.422085 0.421184 0.370524 0.351828 0.294537 0.263622
0.423775 0.421359 0.371435 0.349929 0.293504 0.269789
0.424291 0.423601 0.37419 0.353472 0.295727 0.270966
0.423422 0.424357 0.374706 0.354294 0.292543 0.269032
0.419263 0.419882 0.366202 0.34991 0.290756 0.264096
0.422775 0.421662 0.370779 0.350552 0.291039 0.262514
0.42265 0.421827 0.373943 0.350386 0.295806 0.273982
0.422779 0.422356 0.371574 0.351903 0.293437 0.266538
0.421854 0.419339 0.37183 0.347269 0.288559 0.261343
0.424412 0.422487 0.373946 0.351936 0.29423 0.263831
0.424824 0.423267 0.373764 0.351657 0.293258 0.266169
0.424876 0.424676 0.373273 0.352918 0.293187 0.267366
0.423608 0.423065 0.373086 0.350748 0.290826 0.263798
0.423203 0.423927 0.372273 0.354288 0.294102 0.265319
0.420962 0.420211 0.370166 0.349965 0.289215 0.26074
0.421357 0.422115 0.369598 0.35168 0.290715 0.262398
0.424825 0.42309 0.374824 0.35206 0.295327 0.263149
0.420681 0.419158 0.371382 0.349087 0.290373 0.262098
0.423646 0.423115 0.373401 0.352226 0.291682 0.267115
0.424388 0.424682 0.372424 0.353471 0.291832 0.262486
0.423535 0.422922 0.375963 0.353693 0.294109 0.268432
0.424625 0.423213 0.372577 0.348424 0.291576 0.263595
0.422107 0.420711 0.371033 0.352223 0.293514 0.264713
0.422593 0.422975 0.371527 0.350503 0.29443 0.265045
0.425634 0.423995 0.374459 0.35072 0.295326 0.260234
0.423096 0.421704 0.372224 0.350829 0.291408 0.262658
0.423553 0.422999 0.371512 0.3521 0.294057 0.268177
0.424075 0.423142 0.373847 0.35262 0.293543 0.264325
0.422903 0.420548 0.372018 0.354298 0.293252 0.266421
0.423231 0.423988 0.373787 0.354799 0.2945 0.268443
0.424751 0.423398 0.374783 0.352778 0.294446 0.266628
0.423307 0.421758 0.369737 0.351297 0.294131 0.264524
0.422095 0.423856 0.372161 0.356644 0.295103 0.266416
0.423566 0.422146 0.374522 0.35214 0.288962 0.26034
0.422477 0.423087 0.372369 0.350556 0.286677 0.263874
0.421614 0.41911 0.36929 0.348817 0.290842 0.262884
0.419419 0.418683 0.369707 0.349272 0.293117 0.265336
0.424852 0.423985 0.375261 0.353018 0.296304 0.26583
0.420973 0.421276 0.374148 0.352597 0.29506 0.266251
0.424118 0.423615 0.37359 0.352912 0.296878 0.269489
0.42264 0.422478 0.372754 0.351307 0.29215 0.266509
0.423588 0.420775 0.373394 0.348845 0.293435 0.266276
0.42331 0.422518 0.370031 0.350006 0.290047 0.261972
0.423332 0.422257 0.370066 0.348769 0.287138 0.260341
0.424298 0.423678 0.373159 0.353079 0.295758 0.264759
0.423006 0.422993 0.371731 0.351426 0.294035 0.262692
0.423555 0.423209 0.372325 0.352481 0.29572 0.266896
0.423106 0.422066 0.371157 0.351363 0.294028 0.266688
0.423893 0.423666 0.374506 0.351774 0.294116 0.267141
0.419816 0.420544 0.37096 0.349414 0.292873 0.264465
0.422531 0.420967 0.372876 0.351223 0.293076 0.259759
0.421235 0.421644 0.371613 0.353298 0.292635 0.264669
0.422499 0.420938 0.372379 0.348813 0.291283 0.259151
0.422417 0.422249 0.371761 0.350717 0.292346 0.261079
0.422186 0.421523 0.37162 0.350881 0.291957 0.265421
0.423039 0.423197 0.370285 0.35005 0.291002 0.263091
0.422653 0.42101 0.373158 0.350612 0.294888 0.266685
0.422439 0.421736 0.371861 0.351435 0.291189 0.260861
0.423631 0.422888 0.372236 0.350036 0.291422 0.256411
0.424905 0.424293 0.375604 0.351334 0.295205 0.267837
0.421677 0.422129 0.370716 0.349074 0.293033 0.264344
0.422924 0.423089 0.371619 0.352304 0.294878 0.263882
0.423443 0.421901 0.372876 0.351936 0.292988 0.266007
0.423442 0.424654 0.371544 0.353791 0.29252 0.265301
0.423665 0.421874 0.374513 0.347975 0.292158 0.262568
0.424298 0.423502 0.372391 0.351231 0.29347 0.265466
0.423199 0.421443 0.373051 0.352289 0.29426 0.26926
0.424 0.423708 0.374034 0.35166 0.296552 0.265433
0.422349 0.421026 0.371216 0.351438 0.294457 0.265701
0.423904 0.423591 0.373049 0.352383 0.29305 0.266791
0.422377 0.42141 0.371331 0.350802 0.291876 0.264218
0.42488 0.42432 0.376163 0.350775 0.295415 0.266136
0.422669 0.421859 0.371899 0.351185 0.290151 0.264496
0.42287 0.421177 0.370917 0.351199 0.290478 0.262642
0.421019 0.419068 0.370115 0.346787 0.292837 0.268783
0.422558 0.422866 0.372692 0.355141 0.292065 0.266378
0.422457 0.421303 0.372334 0.351065 0.292095 0.260967
0.42217 0.42093 0.370373 0.350502 0.290551 0.2615
0.423952 0.42314 0.370394 0.351691 0.29056 0.260353
0.422421 0.419554 0.370606 0.348976 0.289738 0.264002
0.421169 0.420716 0.371503 0.348799 0.289977 0.260804
0.421888 0.422483 0.372403 0.353216 0.293326 0.262722
0.422648 0.421612 0.371471 0.349392 0.293306 0.260611
0.422649 0.421681 0.373333 0.350398 0.29182 0.26542
0.420653 0.418868 0.3711 0.349052 0.291546 0.264152
0.421654 0.421189 0.371461 0.351674 0.29268 0.267231
0.423404 0.421797 0.372223 0.353368 0.294263 0.270392
0.42285 0.42129 0.37069 0.349067 0.2913 0.260314
0.424995 0.422647 0.37266 0.350328 0.296047 0.263764
0.421812 0.422023 0.370463 0.351691 0.290123 0.266848
0.422802 0.42233 0.373304 0.352006 0.295617 0.266338
0.423546 0.423898 0.372467 0.352346 0.290047 0.256539
0.421579 0.421547 0.371532 0.350307 0.292475 0.265505
0.422647 0.426476 0.370231 0.35327 0.291699 0.262659
0.422218 0.421295 0.373091 0.351523 0.294813 0.267907
0.421941 0.420992 0.371952 0.350434 0.292049 0.264704
0.422617 0.422286 0.372377 0.351681 0.293372 0.264311
0.423895 0.421902 0.374321 0.349616 0.293278 0.2643
0.424288 0.424391 0.374686 0.354213 0.292319 0.264378
0.422653 0.421019 0.372444 0.350529 0.295905 0.267027
0.422054 0.421276 0.370577 0.349761 0.289973 0.266999
0.424062 0.421376 0.3722 0.35135 0.28999 0.263711
0.422629 0.420934 0.372929 0.352066 0.296314 0.269246
0.422161 0.42107 0.371256 0.349428 0.292864 0.265995
0.421558 0.421773 0.371901 0.352598 0.294759 0.265856
0.423003 0.42138 0.371048 0.352007 0.292113 0.265333
0.421698 0.419523 0.370963 0.349362 0.29411 0.266778
0.423113 0.422396 0.371775 0.349966 0.292413 0.263877
0.42109 0.420907 0.371911 0.350761 0.29642 0.263079
0.421539 0.422583 0.370966 0.351856 0.291906 0.265244
0.423777 0.423077 0.371939 0.352441 0.295965 0.264444
0.425175 0.425722 0.375672 0.355015 0.293647 0.259276
0.423668 0.423359 0.373295 0.350053 0.291099 0.260311
0.423475 0.42275 0.37351 0.353391 0.294769 0.267471
0.422587 0.422519 0.372528 0.353163 0.293054 0.264397
0.423738 0.423545 0.371713 0.352436 0.29354 0.264832
0.423053 0.421537 0.37442 0.351963 0.297732 0.268223
0.423742 0.423407 0.371969 0.351255 0.293242 0.265235
0.422768 0.421078 0.370782 0.350151 0.290747 0.262851
0.422848 0.42115 0.370835 0.350164 0.29077 0.26289
0.423563 0.421829 0.373671 0.348572 0.293454 0.265639
0.421824 0.420169 0.367585 0.348795 0.28795 0.256994
0.423489 0.42177 0.373499 0.34859 0.293329 0.265678
0.423945 0.423023 0.370624 0.349848 0.291345 0.267061
0.423595 0.422643 0.371794 0.350561 0.292417 0.261166
0.424255 0.423344 0.375114 0.352759 0.290887 0.263977
0.423974 0.423666 0.374221 0.352367 0.292947 0.265877
0.422374 0.420447 0.370286 0.348304 0.290171 0.260182
0.422408 0.421062 0.370964 0.34901 0.292132 0.264397
0.424653 0.424427 0.373906 0.354191 0.295342 0.267905
0.423826 0.424062 0.374204 0.353307 0.295622 0.264242
0.421623 0.421554 0.370036 0.353448 0.295094 0.265643
0.422642 0.421446 0.371387 0.350196 0.290728 0.262946
0.422522 0.422027 0.372855 0.3518 0.296674 0.263524
0.424038 0.424578 0.373853 0.350866 0.290742 0.260822
0.422699 0.419967 0.371418 0.346988 0.289829 0.26254
0.423051 0.422749 0.374207 0.35115 0.293466 0.266182
0.425345 0.424443 0.37829 0.353437 0.29872 0.265575
0.424474 0.424047 0.3741 0.353779 0.29474 0.264976
0.423448 0.420937 0.374105 0.351397 0.291912 0.266222
0.423657 0.423051 0.372219 0.352183 0.298096 0.266717
0.423448 0.421069 0.374224 0.351344 0.291712 0.265906
0.424851 0.424283 0.373272 0.349625 0.289522 0.260346
0.423429 0.423697 0.371946 0.353298 0.292341 0.262257
0.422614 0.4229 0.372149 0.351168 0.292335 0.265292
0.423431 0.421841 0.371001 0.350484 0.292507 0.265671
0.42273 0.421099 0.374637 0.348024 0.292892 0.260408
0.42381 0.423428 0.371477 0.351039 0.292272 0.264321
0.423527 0.421982 0.370846 0.352702 0.292672 0.266599
0.421833 0.419081 0.371028 0.348146 0.290705 0.265923
0.423442 0.42222 0.371357 0.350675 0.294651 0.265978
0.42387 0.422426 0.372645 0.352634 0.291017 0.266225
0.421951 0.420057 0.371633 0.349217 0.292645 0.265527
0.42621 0.42613 0.375181 0.354928 0.296611 0.270245
0.42197 0.421823 0.37335 0.352389 0.296216 0.267149
0.423307 0.421568 0.374303 0.350371 0.289219 0.262142
0.424238 0.424434 0.376599 0.353871 0.295136 0.264159
0.424261 0.423542 0.375333 0.351166 0.297245 0.267432
0.423216 0.420848 0.374218 0.349165 0.292157 0.261128
0.422707 0.422076 0.368574 0.349892 0.288277 0.255691
0.425444 0.425142 0.372485 0.349752 0.294605 0.264427
0.42364 0.423259 0.373471 0.350685 0.290654 0.265665
0.42163 0.421388 0.370201 0.348829 0.289173 0.262062
0.423498 0.422131 0.372691 0.349133 0.292645 0.266429
0.42228 0.421088 0.372437 0.35007 0.2953 0.265934
0.423268 0.424071 0.372723 0.351034 0.292823 0.265614
0.422592 0.422076 0.373446 0.350004 0.294877 0.270323
0.422754 0.420988 0.372775 0.350454 0.293461 0.264186
0.420612 0.419897 0.369686 0.352712 0.293544 0.267279
0.423378 0.422805 0.373039 0.351424 0.293265 0.265618
0.420756 0.420995 0.366215 0.349839 0.285897 0.260836
0.423549 0.423006 0.374028 0.350873 0.293386 0.264651
0.423141 0.422659 0.37295 0.352469 0.291807 0.265281
0.425232 0.421971 0.374367 0.350905 0.292698 0.265906
0.423622 0.422164 0.37158 0.351651 0.29328 0.264011
0.423102 0.42353 0.371979 0.352814 0.294445 0.264874
0.423057 0.422545 0.372286 0.353748 0.293207 0.264841
0.422534 0.421336 0.371643 0.350569 0.291622 0.265693
0.423119 0.423666 0.374282 0.350016 0.296029 0.266422
0.421653 0.421688 0.371887 0.348921 0.290854 0.262623
0.424484 0.423574 0.373951 0.35307 0.293342 0.265899
0.421529 0.421269 0.372818 0.349204 0.293409 0.262518
0.424046 0.4269 0.371484 0.355952 0.292507 0.265203
0.424766 0.425402 0.375603 0.354706 0.299222 0.265535
0.422789 0.422376 0.371468 0.35039 0.291543 0.26176
0.423284 0.422582 0.372762 0.352457 0.293969 0.263682
0.423093 0.423621 0.373073 0.355233 0.297879 0.270354
