0.7854 1.5708 2.3562 3.1416 3.927 4.7124
0.404096 0.37917 0.363422 0.300017 0.252381 0.196078
0.404825 0.379865 0.363242 0.301922 0.248079 0.194477
0.404887 0.378828 0.361343 0.301068 0.247917 0.194721
0.404264 0.380533 0.361965 0.302578 0.246669 0.193567
0.403158 0.37876 0.360388 0.301387 0.249462 0.196983
0.404581 0.37949 0.360937 0.298691 0.244784 0.192503
0.403861 0.379763 0.36136 0.297495 0.243366 0.194499
0.403856 0.377812 0.36237 0.298297 0.249016 0.192747
0.403613 0.378741 0.362111 0.294953 0.244109 0.191356
0.403953 0.37752 0.364217 0.300349 0.24873 0.190229
0.405019 0.380281 0.36296 0.301496 0.249003 0.195228
0.404065 0.378793 0.362914 0.301254 0.249798 0.194584
0.402821 0.377495 0.361012 0.303771 0.248107 0.19514
0.403893 0.378682 0.361296 0.299191 0.248522 0.191064
0.40324 0.377918 0.360355 0.301055 0.246563 0.196075
0.403938 0.377998 0.361964 0.303144 0.249854 0.200182
0.40414 0.377879 0.361735 0.300795 0.248308 0.19442
0.403603 0.378931 0.360222 0.3055 0.250711 0.197202
0.402613 0.378044 0.361824 0.300224 0.248776 0.193306
0.405099 0.379627 0.362361 0.300877 0.246937 0.19432
0.403116 0.378466 0.363191 0.299699 0.248147 0.196201
0.403469 0.379692 0.361792 0.301072 0.246827 0.195581
0.406057 0.381498 0.363612 0.303453 0.249908 0.198051
0.403559 0.379512 0.362787 0.30281 0.248993 0.194952
0.405097 0.380073 0.362603 0.301704 0.248587 0.196709
0.404559 0.378527 0.36149 0.3002 0.247794 0.195907
0.403218 0.378211 0.360761 0.299546 0.245042 0.190658
0.402669 0.379611 0.362438 0.303114 0.250844 0.196332
0.404511 0.380145 0.364058 0.303425 0.250878 0.196764
0.404032 0.379663 0.362498 0.300674 0.24999 0.195096
0.401591 0.379061 0.36242 0.300215 0.245511 0.19597
0.403636 0.379828 0.36034 0.303636 0.245426 0.199444
0.405119 0.379741 0.364239 0.304663 0.252013 0.196711
0.402724 0.376884 0.36121 0.301825 0.246356 0.194741
0.403714 0.379971 0.362866 0.301035 0.246561 0.196377
0.404249 0.379785 0.360959 0.302019 0.249349 0.196521
0.403971 0.378847 0.3629 0.29848 0.247744 0.194642
0.405064 0.37944 0.359974 0.302987 0.247499 0.194405
0.403804 0.378406 0.363041 0.303188 0.248891 0.196319
0.403766 0.379317 0.362965 0.302075 0.251428 0.194294
0.404732 0.379681 0.362348 0.304369 0.249586 0.191659
0.404708 0.380336 0.360871 0.304077 0.250062 0.196881
0.402759 0.378757 0.360577 0.30166 0.249996 0.197432
0.403658 0.377968 0.363111 0.302438 0.249468 0.195664
0.404158 0.378534 0.361935 0.299965 0.24794 0.194847
0.403306 0.3789 0.362426 0.303168 0.24927 0.194913
0.403951 0.380148 0.361056 0.300983 0.25055 0.195046
0.403837 0.37923 0.362439 0.301573 0.247589 0.194356
0.403452 0.377262 0.362261 0.301976 0.25031 0.199315
0.403314 0.378406 0.361198 0.296615 0.246862 0.194853
0.404556 0.380774 0.364193 0.303426 0.249692 0.197434
0.403393 0.37858 0.363246 0.300499 0.248276 0.19568
0.405163 0.378862 0.363103 0.299511 0.247783 0.193731
0.40404 0.379123 0.360459 0.300672 0.248266 0.196544
0.404091 0.379352 0.362423 0.300992 0.248509 0.194573
0.405076 0.378986 0.363483 0.302795 0.251239 0.198042
0.404478 0.379075 0.361992 0.300997 0.247997 0.190053
0.405958 0.380923 0.36347 0.303016 0.250703 0.197383
0.404343 0.37888 0.363049 0.301572 0.248914 0.196766
0.403462 0.378157 0.362986 0.300186 0.24942 0.194703
0.403807 0.380311 0.36199 0.301903 0.251512 0.196549
0.40394 0.379196 0.361185 0.29899 0.24736 0.196333
0.403612 0.378826 0.361713 0.304092 0.247873 0.194009
0.404207 0.379248 0.361894 0.29894 0.245306 0.194841
0.404067 0.379895 0.363233 0.305549 0.24896 0.19435
0.403748 0.377674 0.361948 0.298844 0.246051 0.190858
0.403267 0.379525 0.363044 0.300746 0.249633 0.196972
0.403546 0.379804 0.361612 0.305321 0.249877 0.199878
0.404577 0.379678 0.362378 0.303051 0.248394 0.19656
0.403785 0.380303 0.36133 0.300731 0.247558 0.192799
0.405276 0.379609 0.362307 0.301677 0.247665 0.196069
0.404752 0.37851 0.362662 0.299158 0.246003 0.193204
0.403695 0.378567 0.36291 0.301598 0.252021 0.1943
0.404382 0.379815 0.362163 0.300404 0.247388 0.194724
0.405162 0.379518 0.36329 0.29982 0.245581 0.195963
0.403751 0.377732 0.361659 0.300948 0.248456 0.19726
0.403791 0.380047 0.362451 0.301745 0.250354 0.197885
0.404399 0.380197 0.361521 0.2978 0.243466 0.18816
0.404326 0.379622 0.362827 0.300345 0.249663 0.195828
0.40516 0.380123 0.365085 0.301483 0.248912 0.197927
0.40445 0.379508 0.363826 0.301517 0.247534 0.196801
0.402521 0.377096 0.359366 0.299287 0.244913 0.19333
0.404284 0.378877 0.362731 0.30196 0.249072 0.197326
0.404101 0.377742 0.360851 0.301687 0.245086 0.188574
0.405088 0.380747 0.363716 0.30387 0.250129 0.193959
0.401741 0.378364 0.362176 0.300224 0.249727 0.196998
0.405147 0.380434 0.361455 0.300458 0.248197 0.194826
0.404113 0.379308 0.361713 0.300345 0.248973 0.193334
0.404374 0.378868 0.363418 0.30121 0.249804 0.195196
0.403462 0.382303 0.362157 0.301167 0.248263 0.194483
0.403992 0.37985 0.362852 0.300158 0.24909 0.19737
0.404581 0.379863 0.362644 0.300195 0.24598 0.193034
0.40504 0.379988 0.365804 0.302134 0.25122 0.199745
0.403672 0.379783 0.361173 0.301286 0.247572 0.193977
0.403632 0.380706 0.362358 0.30117 0.246442 0.198959
0.404484 0.380525 0.362392 0.30283 0.249056 0.196603
0.404015 0.379117 0.361014 0.300087 0.248695 0.197095
0.403779 0.381442 0.361915 0.303082 0.249591 0.196597
0.403867 0.378169 0.36263 0.29894 0.248898 0.195159
0.403698 0.378805 0.361637 0.300822 0.244157 0.192827
0.403613 0.378505 0.361091 0.30195 0.248443 0.195637
0.403842 0.378507 0.361953 0.301204 0.247847 0.196663
0.403374 0.37806 0.36053 0.303294 0.249238 0.195301
0.404876 0.380819 0.362736 0.303575 0.2482 0.197416
0.405628 0.38057 0.361898 0.302955 0.246078 0.194172
0.403522 0.379097 0.361247 0.298422 0.245441 0.198693
0.405953 0.380194 0.363541 0.304166 0.25278 0.197951
0.404576 0.379426 0.361557 0.301609 0.248901 0.194119
0.404447 0.377935 0.363512 0.300059 0.251358 0.196403
0.404258 0.378347 0.364134 0.300345 0.25009 0.196996
0.404272 0.378973 0.361962 0.302295 0.247727 0.195669
0.403816 0.380059 0.363821 0.304279 0.248332 0.192799
0.405551 0.3803 0.364057 0.302386 0.249142 0.193651
0.404222 0.379343 0.362025 0.300737 0.24827 0.195913
0.404241 0.37884 0.362647 0.298885 0.245565 0.190875
0.405041 0.37931 0.362387 0.302362 0.24842 0.194274
0.403812 0.379439 0.362193 0.29924 0.249171 0.195411
0.40428 0.379306 0.362609 0.301942 0.250171 0.198076
0.405155 0.379423 0.363124 0.306046 0.248921 0.194016
0.403939 0.379375 0.364112 0.300527 0.248747 0.196824
0.404028 0.377278 0.362817 0.301947 0.252875 0.195238
0.402174 0.378197 0.360656 0.29991 0.247709 0.200172
0.404419 0.37939 0.362821 0.303322 0.247324 0.196484
0.403026 0.37966 0.362428 0.30155 0.248308 0.19225
0.404219 0.378961 0.36202 0.302782 0.247105 0.194027
0.404269 0.37908 0.363153 0.304662 0.248589 0.200174
0.402933 0.378981 0.362908 0.300383 0.246984 0.193906
0.404763 0.379035 0.362886 0.30685 0.249741 0.197893
0.40405 0.378926 0.362977 0.300061 0.251008 0.194064
0.405153 0.380099 0.36244 0.302944 0.245729 0.193272
0.404785 0.379288 0.362484 0.29887 0.247935 0.193599
0.40418 0.379644 0.361738 0.302208 0.246568 0.195537
0.405041 0.379499 0.362744 0.304003 0.251036 0.195634
0.404362 0.379727 0.363373 0.30178 0.25053 0.194413
0.404065 0.378793 0.361354 0.300979 0.246652 0.194967
0.403693 0.378179 0.361505 0.302213 0.250456 0.196268
0.40497 0.381245 0.361936 0.304614 0.248835 0.197467
0.405755 0.378134 0.364122 0.300172 0.24639 0.194447
0.403916 0.378154 0.361866 0.30175 0.246268 0.194981
0.405021 0.379867 0.364111 0.301327 0.249223 0.194839
0.403205 0.377879 0.361228 0.302215 0.247864 0.196312
0.404186 0.379016 0.364022 0.300105 0.249038 0.192139
0.402436 0.377227 0.359547 0.301034 0.240747 0.192336
0.403962 0.379355 0.363072 0.300261 0.247606 0.197888
0.404495 0.380039 0.361845 0.302117 0.247984 0.195148
0.403625 0.377799 0.363166 0.30387 0.249986 0.198951
0.401715 0.377177 0.362294 0.300419 0.249131 0.19393
0.403706 0.37749 0.362506 0.301765 0.249527 0.194086
0.404333 0.379777 0.362295 0.302122 0.246966 0.192638
0.404026 0.378414 0.361946 0.301765 0.250903 0.196337
0.403127 0.379197 0.361572 0.302479 0.24334 0.19508
0.404315 0.377243 0.36169 0.299056 0.248792 0.193697
0.40387 0.380263 0.362324 0.300717 0.245921 0.194583
0.403845 0.379476 0.362825 0.302441 0.248901 0.195091
0.404341 0.379917 0.360555 0.301528 0.24722 0.193141
0.403147 0.378486 0.362173 0.299566 0.249278 0.194618
0.404646 0.379731 0.36295 0.298479 0.248215 0.198039
0.403514 0.378681 0.36185 0.301837 0.251721 0.19777
0.403545 0.380186 0.362678 0.299855 0.246253 0.191831
0.404438 0.379999 0.363149 0.302696 0.248872 0.192541
0.403797 0.379075 0.362532 0.302889 0.247997 0.195478
0.40413 0.37829 0.361006 0.299836 0.24506 0.193116
0.404816 0.379452 0.363438 0.300202 0.249607 0.193442
0.404882 0.379677 0.3633 0.302293 0.247616 0.195588
0.40378 0.379116 0.363358 0.300703 0.249322 0.197445
0.405194 0.379382 0.362818 0.305517 0.251478 0.198722
0.404866 0.380204 0.363799 0.301942 0.249889 0.195033
0.403992 0.38004 0.363811 0.303688 0.247858 0.195922
0.403012 0.378275 0.361753 0.303725 0.247107 0.195004
0.404181 0.379715 0.362499 0.30184 0.246996 0.195836
0.40342 0.379736 0.362938 0.30175 0.251649 0.198851
0.404125 0.379054 0.364071 0.303217 0.248643 0.196457
0.402486 0.378172 0.362638 0.299391 0.24795 0.192479
0.40302 0.378364 0.361299 0.301021 0.248038 0.196017
0.40463 0.379725 0.362285 0.301637 0.249847 0.197079
0.405368 0.380209 0.363408 0.302581 0.24622 0.194208
0.404025 0.379627 0.360703 0.300695 0.247825 0.19643
0.40362 0.377474 0.362532 0.302581 0.249971 0.193378
0.40358 0.379581 0.362306 0.303204 0.249221 0.195466
0.404964 0.379937 0.362069 0.303214 0.246993 0.193845
0.404697 0.380512 0.361837 0.300449 0.249992 0.191719
0.404688 0.378918 0.363604 0.29866 0.247448 0.194119
0.404852 0.3785 0.363307 0.302135 0.25062 0.194007
0.404207 0.378449 0.362428 0.301029 0.248696 0.194723
0.402701 0.377498 0.363055 0.305543 0.252587 0.210509
0.405734 0.381229 0.364019 0.302321 0.248257 0.196287
0.403888 0.377668 0.363639 0.300122 0.250248 0.197195
0.404466 0.379923 0.361239 0.301342 0.245934 0.196415
0.404141 0.380391 0.360104 0.301285 0.245936 0.190664
0.403726 0.378241 0.362967 0.298129 0.248804 0.196229
0.404501 0.380577 0.362655 0.302473 0.250125 0.197195
0.404478 0.379399 0.363019 0.302517 0.249365 0.196104
0.405564 0.380658 0.363236 0.303545 0.251322 0.199058
0.404578 0.378879 0.364165 0.30283 0.251073 0.194091
0.404174 0.379473 0.362474 0.302051 0.247553 0.194812
0.403053 0.379012 0.361011 0.302709 0.248737 0.195834
0.404762 0.38029 0.361677 0.302112 0.248464 0.194261
0.403725 0.379189 0.36262 0.302098 0.249966 0.198411
0.404929 0.37916 0.36073 0.299312 0.24653 0.193904
0.402673 0.378366 0.361631 0.299891 0.248437 0.193699
0.402726 0.378699 0.36207 0.302609 0.251125 0.195809
0.403868 0.378874 0.360987 0.300871 0.246028 0.194867
0.403692 0.379946 0.362708 0.30133 0.249729 0.195246
0.404951 0.380698 0.363542 0.304621 0.251761 0.197362
0.403319 0.379399 0.361868 0.301294 0.246581 0.196261
0.404838 0.379721 0.362353 0.30214 0.253141 0.193093
0.404998 0.380193 0.36155 0.301952 0.246314 0.193524
0.403711 0.377497 0.363219 0.302094 0.246945 0.194573
0.404178 0.378105 0.362429 0.298966 0.247034 0.192702
0.403769 0.379331 0.361216 0.303159 0.245019 0.193535
0.404374 0.379011 0.362289 0.301821 0.249862 0.19762
0.404752 0.378378 0.362227 0.302795 0.249779 0.198488
0.405196 0.379569 0.359641 0.29914 0.245791 0.194681
0.402355 0.377907 0.360293 0.297306 0.248842 0.196948
0.403841 0.378237 0.361519 0.300029 0.247287 0.196604
0.40462 0.37982 0.366136 0.301147 0.248915 0.200447
0.403408 0.379562 0.361601 0.299306 0.248504 0.195249
0.403475 0.379282 0.362052 0.301731 0.24692 0.195134
0.404422 0.380894 0.363107 0.302552 0.250603 0.200226
0.404444 0.379369 0.36241 0.300137 0.24709 0.193717
0.404359 0.377534 0.3633 0.303354 0.251328 0.195505
0.404498 0.375561 0.362689 0.29785 0.246923 0.197426
0.403379 0.379196 0.362039 0.301401 0.250264 0.194575
0.405642 0.38083 0.363805 0.303754 0.249055 0.194838
0.403791 0.379161 0.362612 0.302765 0.247169 0.196862
0.404696 0.379606 0.364145 0.300597 0.247976 0.197227
0.404217 0.378635 0.363054 0.299926 0.249067 0.193689
0.404398 0.378289 0.361686 0.301242 0.245859 0.19688
0.404137 0.380677 0.363148 0.303092 0.247931 0.196272
0.405443 0.379311 0.362377 0.30174 0.247921 0.195819
0.405068 0.378185 0.362854 0.30175 0.249138 0.194347
0.403747 0.37824 0.362634 0.301099 0.25048 0.192699
0.403743 0.379118 0.362973 0.302565 0.249596 0.196683
0.404172 0.378603 0.363495 0.29721 0.248701 0.195341
0.403826 0.378385 0.362304 0.299745 0.247765 0.193994
0.404169 0.379919 0.363779 0.300377 0.25156 0.195298
0.404444 0.37913 0.362449 0.300283 0.24811 0.192696
0.403985 0.377304 0.36373 0.303443 0.245766 0.193853
0.402609 0.378059 0.362091 0.299466 0.248636 0.196255
0.40364 0.379701 0.363046 0.301951 0.249047 0.196279
0.404004 0.3784 0.36192 0.300251 0.247836 0.194285
0.40326 0.378098 0.360965 0.302187 0.245596 0.195882
0.404648 0.379629 0.360604 0.299621 0.246661 0.190975
0.404287 0.379484 0.360929 0.303621 0.248668 0.194975
0.402354 0.37822 0.362131 0.302153 0.250743 0.197585
0.402629 0.379036 0.361983 0.300288 0.250699 0.197089
0.403556 0.379033 0.362366 0.300329 0.249914 0.195139
0.403322 0.378004 0.360212 0.299907 0.247118 0.193559
0.403825 0.376236 0.36306 0.297267 0.247114 0.191293
0.404012 0.379249 0.362335 0.298851 0.247816 0.194465
0.404816 0.37851 0.365222 0.304536 0.25105 0.194985
0.404338 0.379363 0.361622 0.299237 0.247224 0.192229
0.405178 0.379806 0.362768 0.303732 0.251898 0.194534
0.403717 0.378727 0.362048 0.301566 0.247277 0.193087
0.405103 0.380173 0.362852 0.300598 0.25154 0.198457
0.403238 0.377815 0.362686 0.302605 0.248546 0.195606
0.403052 0.378631 0.361734 0.30075 0.250711 0.197912
0.404215 0.379254 0.361309 0.300638 0.241937 0.191129
0.40331 0.379227 0.362427 0.303297 0.249741 0.198282
0.401299 0.378288 0.360892 0.30092 0.250899 0.197061
0.403278 0.378874 0.361801 0.301782 0.250414 0.194789
0.403826 0.37847 0.360402 0.297749 0.245101 0.193368
0.404541 0.379751 0.363564 0.303952 0.250393 0.196445
0.403382 0.378224 0.36273 0.300222 0.251476 0.196552
0.404134 0.380022 0.364386 0.301029 0.248905 0.195244
0.404124 0.380317 0.362281 0.301881 0.248065 0.195505
0.403169 0.37875 0.361965 0.300339 0.249566 0.198102
0.403839 0.378568 0.362095 0.300563 0.248749 0.195698
0.404665 0.379391 0.363335 0.30384 0.252335 0.195896
0.403628 0.379566 0.362633 0.303943 0.249117 0.194812
0.403385 0.377855 0.360845 0.300158 0.249382 0.197334
0.404167 0.378456 0.361998 0.299346 0.24558 0.192437
0.404134 0.38063 0.362565 0.30215 0.246266 0.192178
0.402024 0.37808 0.361705 0.301302 0.248729 0.197259
0.404544 0.378803 0.36471 0.299603 0.251173 0.197115
0.403439 0.381306 0.361427 0.302424 0.249115 0.190863
0.403539 0.378695 0.360885 0.299426 0.24287 0.193259
0.404604 0.37877 0.363933 0.301441 0.253126 0.195785
0.404205 0.380353 0.361268 0.300958 0.247332 0.193122
0.403543 0.379118 0.362204 0.302977 0.248566 0.1948
0.404146 0.380542 0.363235 0.305858 0.249831 0.196866
0.404236 0.379053 0.362067 0.30095 0.248634 0.194246
0.404521 0.380129 0.363515 0.302485 0.249041 0.195471
0.404547 0.380251 0.363491 0.302655 0.249092 0.195552
0.404289 0.379596 0.362584 0.300707 0.249479 0.194697
0.404983 0.379196 0.362691 0.300375 0.250603 0.193511
0.40425 0.379603 0.362514 0.300585 0.249442 0.194651
0.404133 0.379338 0.362602 0.299824 0.248048 0.195353
0.405123 0.378517 0.365049 0.301127 0.250169 0.194109
0.404945 0.378243 0.363636 0.303545 0.249381 0.194954
0.404021 0.379085 0.360776 0.299928 0.245514 0.18847
0.40142 0.378164 0.360666 0.301145 0.249162 0.191611
0.404129 0.379475 0.359871 0.301198 0.24558 0.194161
0.404401 0.379934 0.362973 0.304963 0.24969 0.195887
0.404503 0.379428 0.362858 0.303617 0.249798 0.190243
0.402875 0.378361 0.361002 0.299697 0.250292 0.19717
0.403429 0.378569 0.363831 0.303925 0.251509 0.197466
0.403976 0.379693 0.36251 0.303169 0.249866 0.198632
0.403811 0.37995 0.36158 0.301461 0.245251 0.194516
0.404685 0.377842 0.362956 0.300676 0.248966 0.194748
0.404497 0.379786 0.363075 0.301938 0.250581 0.197521
0.403882 0.379255 0.362794 0.299851 0.252695 0.195934
0.405179 0.379438 0.361379 0.300665 0.249614 0.192763
0.40338 0.378362 0.361803 0.303508 0.247812 0.194789
0.403891 0.37993 0.361591 0.302298 0.253107 0.195744
0.403474 0.378395 0.361935 0.303374 0.247924 0.19489
0.405507 0.38033 0.362211 0.301487 0.24999 0.19988
0.403939 0.379028 0.362374 0.300973 0.251185 0.19789
0.403468 0.379198 0.362813 0.302477 0.248084 0.193933
0.405759 0.381691 0.362971 0.303227 0.248323 0.196843
0.403755 0.378984 0.361005 0.301645 0.247687 0.193754
0.404292 0.380473 0.361615 0.302346 0.249654 0.195081
0.404405 0.379907 0.362332 0.301453 0.247733 0.197694
0.404334 0.37909 0.362624 0.304323 0.250358 0.198831
0.404643 0.380001 0.363336 0.301132 0.249756 0.19505
0.405134 0.38046 0.363824 0.304277 0.248 0.197749
0.404286 0.379248 0.362662 0.302809 0.249626 0.192984
0.404538 0.379608 0.362638 0.300792 0.246985 0.195363
0.404128 0.380478 0.362176 0.302645 0.248825 0.197034
0.402853 0.377545 0.362092 0.303499 0.250398 0.193914
0.404134 0.380187 0.362161 0.304344 0.249387 0.19497
0.404257 0.379955 0.363463 0.303611 0.251358 0.198589
0.404928 0.379823 0.362671 0.301056 0.251826 0.196406
0.403959 0.379357 0.362027 0.299727 0.247423 0.197112
0.404072 0.379164 0.3634 0.299127 0.248722 0.189745
0.405172 0.379887 0.363849 0.302557 0.246554 0.194951
0.403155 0.378222 0.362254 0.303744 0.248824 0.193149
0.402636 0.378208 0.362709 0.300429 0.249081 0.195474
0.403583 0.378109 0.362531 0.301838 0.249941 0.195472
0.403897 0.380013 0.363055 0.303183 0.250278 0.197672
0.405172 0.378806 0.361739 0.302703 0.253148 0.192734
0.404254 0.379158 0.360823 0.300608 0.246706 0.192071
0.403226 0.377764 0.361097 0.303066 0.249692 0.197224
0.403906 0.380347 0.362232 0.302687 0.248656 0.197751
0.403572 0.379108 0.362536 0.302104 0.23981 0.189584
0.405105 0.37879 0.362345 0.298595 0.247628 0.192971
0.403941 0.379059 0.362082 0.301845 0.250601 0.200592
0.404555 0.380102 0.361814 0.30219 0.247636 0.194379
0.403718 0.378616 0.362956 0.302662 0.250928 0.195889
0.403864 0.378544 0.362198 0.299783 0.244822 0.195625
0.405097 0.380834 0.363364 0.301801 0.247495 0.196085
0.404242 0.380591 0.362528 0.300101 0.24808 0.194258
0.404435 0.378161 0.363167 0.298403 0.249889 0.193864
0.402406 0.378591 0.361247 0.300424 0.248113 0.196319
0.404756 0.380521 0.363122 0.302449 0.248995 0.191803
0.404453 0.379835 0.361852 0.300013 0.248471 0.194394
0.404485 0.380108 0.3609 0.302772 0.246529 0.192556
0.405324 0.382161 0.365199 0.303539 0.256906 0.199142
0.404135 0.378283 0.362708 0.301978 0.2492 0.195733
0.404811 0.379427 0.362439 0.298644 0.249255 0.193757
0.404805 0.378199 0.363683 0.302584 0.249762 0.198439
