0.98175 1.9635 2.94525 3.927 4.90875 5.8905
0.400652 0.387302 0.346002 0.313164 0.256258 0.232773
0.402791 0.385947 0.346354 0.303804 0.254817 0.22443
0.403185 0.385707 0.347636 0.305365 0.251723 0.225124
0.402377 0.384944 0.344183 0.302009 0.250944 0.22567
0.401125 0.384415 0.345453 0.298782 0.2516 0.225061
0.403564 0.386783 0.344949 0.301199 0.251096 0.223988
0.402005 0.386042 0.34506 0.304567 0.251523 0.223645
0.402857 0.387838 0.343454 0.30235 0.254858 0.225281
0.40202 0.384901 0.344531 0.30234 0.253409 0.222409
0.402468 0.38408 0.346401 0.301926 0.254235 0.224149
0.402521 0.386451 0.343768 0.30438 0.255035 0.225228
0.402832 0.386364 0.346736 0.303946 0.253969 0.226469
0.400712 0.383682 0.344042 0.301863 0.253205 0.224979
0.401214 0.383254 0.344999 0.299774 0.247792 0.221192
0.402507 0.385158 0.342634 0.29918 0.251884 0.224675
0.40193 0.384717 0.345689 0.30308 0.254496 0.226824
0.402816 0.387088 0.344704 0.302296 0.252025 0.226079
0.401621 0.384721 0.346746 0.303626 0.252707 0.226301
0.400506 0.384398 0.343941 0.29879 0.252346 0.22565
0.403481 0.386698 0.345416 0.304403 0.252818 0.225984
0.401628 0.385615 0.345349 0.303261 0.253515 0.225327
0.401772 0.385342 0.343362 0.303398 0.252551 0.225145
0.403342 0.387513 0.348283 0.30358 0.254346 0.22422
0.400961 0.384081 0.34556 0.30302 0.254238 0.227469
0.403549 0.3867 0.34729 0.303852 0.25268 0.224265
0.402766 0.384919 0.347422 0.302075 0.252639 0.225529
0.402446 0.386607 0.343043 0.301248 0.250412 0.221092
0.40272 0.384697 0.346205 0.303683 0.255268 0.225523
0.401951 0.386244 0.346368 0.304082 0.256228 0.227726
0.404017 0.387063 0.344448 0.303142 0.25424 0.227656
0.402652 0.386963 0.346369 0.303473 0.252378 0.224762
0.401244 0.384647 0.346523 0.304394 0.252892 0.22836
0.401994 0.38618 0.344564 0.30475 0.254028 0.227831
0.401086 0.383634 0.347108 0.298849 0.25183 0.223432
0.401154 0.384446 0.344198 0.303025 0.251826 0.225238
0.402325 0.385894 0.345017 0.30242 0.25247 0.224938
0.401697 0.386471 0.340241 0.300409 0.250063 0.222159
0.402549 0.386658 0.345381 0.302942 0.255067 0.226816
0.401183 0.386081 0.345064 0.304592 0.251345 0.227041
0.402017 0.386943 0.345909 0.304782 0.252593 0.228285
0.405428 0.388307 0.345867 0.305045 0.253105 0.226718
0.403201 0.386676 0.345301 0.303757 0.254655 0.225602
0.400674 0.384494 0.341286 0.300872 0.254416 0.225509
0.399752 0.383506 0.344455 0.302656 0.255254 0.227109
0.401857 0.385144 0.342456 0.304256 0.252442 0.227069
0.401723 0.384274 0.345518 0.302851 0.252611 0.225223
0.401275 0.386233 0.343879 0.304007 0.254099 0.224711
0.401878 0.385598 0.34469 0.30373 0.253831 0.22622
0.401285 0.384871 0.345042 0.304 0.252108 0.225534
0.401765 0.385221 0.342853 0.301527 0.251377 0.22324
0.40336 0.386728 0.347013 0.30496 0.251909 0.225151
0.402488 0.386339 0.345899 0.304487 0.253383 0.225685
0.40189 0.386173 0.345839 0.302842 0.253717 0.227793
0.401901 0.386498 0.343665 0.305112 0.254071 0.226814
0.404395 0.386841 0.346581 0.303978 0.251656 0.226308
0.402649 0.38683 0.344225 0.303019 0.253792 0.227283
0.402493 0.385921 0.341548 0.301404 0.252933 0.22467
0.402888 0.387035 0.34303 0.30122 0.253388 0.22533
0.402296 0.385496 0.343375 0.302098 0.25299 0.225471
0.402105 0.385145 0.347257 0.303417 0.25359 0.224924
0.402081 0.385411 0.346966 0.301661 0.254149 0.22708
0.401421 0.384543 0.346303 0.301407 0.252268 0.224718
0.401158 0.384385 0.344681 0.303907 0.252653 0.226189
0.401174 0.38528 0.345672 0.300974 0.252036 0.226796
0.401739 0.38663 0.345902 0.304734 0.253513 0.229654
0.402965 0.384345 0.345869 0.303358 0.255395 0.224537
0.401404 0.38616 0.344168 0.303627 0.25188 0.226582
0.402434 0.385713 0.341503 0.302717 0.253028 0.226696
0.402659 0.38623 0.343939 0.303591 0.252582 0.223938
0.402952 0.386477 0.347071 0.303209 0.252269 0.22446
0.40319 0.387907 0.34482 0.307969 0.253422 0.228196
0.401724 0.384697 0.344584 0.301881 0.250275 0.223535
0.401725 0.386541 0.345342 0.304252 0.253946 0.227256
0.401952 0.384757 0.345843 0.303005 0.252294 0.22646
0.403051 0.383914 0.344106 0.300442 0.249138 0.221988
0.400562 0.383935 0.343678 0.300839 0.252951 0.227227
0.401611 0.384673 0.344683 0.301248 0.2528 0.224992
0.402177 0.388364 0.34271 0.304253 0.247959 0.222977
0.401607 0.383686 0.345457 0.302187 0.254041 0.225033
0.402829 0.384537 0.346943 0.304765 0.255363 0.227723
0.402041 0.38588 0.345085 0.305753 0.252941 0.226261
0.39879 0.383288 0.344075 0.300856 0.2504 0.222511
0.401431 0.385357 0.346051 0.30268 0.255701 0.226972
0.402612 0.385276 0.342624 0.30378 0.252029 0.223785
0.402007 0.385941 0.345266 0.303713 0.253655 0.223018
0.400831 0.385692 0.343097 0.301813 0.252606 0.227312
0.402256 0.384671 0.345598 0.302172 0.254567 0.224656
0.401926 0.384163 0.344374 0.298948 0.252377 0.222816
0.402725 0.386168 0.346203 0.30133 0.254497 0.226016
0.40188 0.385432 0.350463 0.298376 0.251581 0.225383
0.401911 0.38794 0.344049 0.303748 0.254821 0.226776
0.401576 0.384454 0.346118 0.302587 0.254021 0.225853
0.401779 0.385016 0.347693 0.307445 0.254903 0.229724
0.402766 0.386538 0.343978 0.302721 0.253194 0.226973
0.402586 0.384372 0.349556 0.304572 0.252091 0.225938
0.402611 0.388956 0.34459 0.305161 0.251791 0.22601
0.402454 0.384307 0.345414 0.304071 0.253414 0.226468
0.402236 0.386611 0.348117 0.306897 0.25478 0.228486
0.404065 0.384705 0.345808 0.30437 0.254271 0.225162
0.402875 0.385869 0.344655 0.305528 0.252762 0.226841
0.400814 0.383055 0.346338 0.304251 0.253655 0.225145
0.402 0.386367 0.343647 0.303114 0.251736 0.227588
0.401521 0.385333 0.344571 0.303492 0.253556 0.226966
0.403044 0.38754 0.347075 0.30545 0.254848 0.226213
0.402206 0.384744 0.346463 0.300874 0.252717 0.225439
0.401965 0.384803 0.343606 0.302407 0.250291 0.223006
0.403716 0.386493 0.34444 0.305099 0.254487 0.227023
0.402952 0.385842 0.344736 0.301536 0.249985 0.224057
0.404116 0.384859 0.34381 0.299293 0.252613 0.222132
0.402851 0.3855 0.344599 0.303471 0.254718 0.225775
0.400806 0.385318 0.343513 0.303802 0.251537 0.224778
0.402892 0.386425 0.346967 0.301208 0.252728 0.22439
0.403345 0.387568 0.353149 0.307301 0.254963 0.22865
0.402149 0.384735 0.347392 0.301374 0.253031 0.225255
0.401479 0.384881 0.343374 0.302632 0.250272 0.224383
0.403974 0.386283 0.347569 0.304518 0.256035 0.228545
0.402131 0.385092 0.344963 0.299594 0.251103 0.223475
0.404128 0.387772 0.348182 0.304037 0.253377 0.229043
0.403601 0.387172 0.348023 0.305306 0.256694 0.226718
0.402316 0.385843 0.346567 0.305737 0.254524 0.225048
0.402249 0.387044 0.34472 0.3046 0.255301 0.226372
0.400221 0.383516 0.342708 0.299521 0.252015 0.224666
0.400431 0.383536 0.342362 0.304674 0.254189 0.226815
0.400109 0.383357 0.343248 0.3027 0.253888 0.222554
0.402182 0.386637 0.344918 0.303203 0.252524 0.2262
0.401855 0.386075 0.348222 0.310333 0.255307 0.227845
0.402484 0.384946 0.346325 0.303796 0.252487 0.224289
0.403764 0.386302 0.342863 0.305685 0.254953 0.22618
0.40303 0.38654 0.344841 0.305074 0.25344 0.226729
0.404239 0.387973 0.345877 0.303636 0.251824 0.22298
0.401894 0.384079 0.343526 0.301682 0.251802 0.222932
0.401586 0.38462 0.344762 0.301715 0.249135 0.224024
0.400795 0.383643 0.346076 0.306567 0.254106 0.224485
0.40276 0.385684 0.346775 0.303616 0.256038 0.226884
0.400809 0.384584 0.345047 0.301915 0.252469 0.224756
0.400872 0.386518 0.344099 0.303815 0.253005 0.22674
0.402317 0.386092 0.346706 0.303026 0.253855 0.226859
0.402332 0.384385 0.343984 0.302392 0.252254 0.224643
0.40278 0.38524 0.343346 0.296604 0.251701 0.224996
0.402786 0.385181 0.346977 0.303085 0.254418 0.225232
0.403061 0.385932 0.342833 0.302858 0.251977 0.224357
0.401543 0.384102 0.343019 0.300016 0.251376 0.223021
0.401361 0.384757 0.345225 0.30019 0.247921 0.223063
0.403513 0.384989 0.34853 0.303679 0.254729 0.22721
0.402504 0.386194 0.344226 0.303237 0.253219 0.224408
0.400561 0.383043 0.344991 0.306423 0.254737 0.227259
0.401291 0.38519 0.346807 0.30387 0.2547 0.226227
0.401417 0.385918 0.342947 0.302359 0.256051 0.225286
0.405235 0.38848 0.346353 0.307194 0.254273 0.22629
0.402257 0.386231 0.347019 0.302006 0.25248 0.226497
0.402662 0.38814 0.342425 0.303622 0.253887 0.22783
0.40203 0.384562 0.344402 0.30157 0.250145 0.224346
0.403312 0.386131 0.345441 0.302462 0.252441 0.22529
0.401401 0.386071 0.344382 0.304593 0.253177 0.226003
0.40363 0.387205 0.347124 0.303285 0.249838 0.222096
0.401669 0.384428 0.345889 0.301813 0.251208 0.22536
0.402208 0.385303 0.347488 0.304374 0.256636 0.228583
0.400821 0.384379 0.343467 0.301085 0.253202 0.226005
0.400948 0.384418 0.344933 0.301012 0.249615 0.223913
0.401751 0.385184 0.345903 0.304155 0.253294 0.225959
0.401438 0.385372 0.340263 0.303267 0.252539 0.224084
0.401617 0.385135 0.343742 0.30299 0.24967 0.224009
0.402559 0.385768 0.347376 0.301058 0.253431 0.225446
0.402744 0.386034 0.344441 0.303927 0.253365 0.225224
0.402823 0.385672 0.344091 0.301984 0.252834 0.224817
0.402297 0.385955 0.341881 0.30298 0.252386 0.228158
0.401528 0.384151 0.347867 0.303643 0.254409 0.226152
0.400556 0.385609 0.347582 0.304878 0.25387 0.228745
0.399806 0.38432 0.343467 0.301514 0.250883 0.226052
0.402985 0.384737 0.348173 0.302087 0.253668 0.227998
0.401406 0.383989 0.345758 0.299573 0.251001 0.223876
0.402052 0.386362 0.345516 0.305679 0.253426 0.226921
0.400063 0.384074 0.34409 0.301491 0.249765 0.223459
0.401301 0.384198 0.342367 0.301212 0.253892 0.224059
0.402593 0.386877 0.34243 0.303102 0.253296 0.225733
0.403777 0.387215 0.346059 0.303852 0.252136 0.225009
0.401872 0.384754 0.343145 0.300364 0.249053 0.222544
0.40163 0.38594 0.345265 0.303417 0.253194 0.227302
0.401012 0.384916 0.345595 0.301079 0.252367 0.223408
0.400632 0.383037 0.343127 0.301814 0.252347 0.224478
0.402459 0.384515 0.345614 0.300433 0.252581 0.223997
0.403247 0.386264 0.346365 0.300997 0.253747 0.226975
0.403576 0.386895 0.344568 0.302065 0.25326 0.224384
0.401538 0.384644 0.342808 0.305306 0.252426 0.224537
0.399949 0.385608 0.344309 0.304736 0.25289 0.231796
0.401996 0.38665 0.344945 0.303988 0.252609 0.225351
0.40068 0.384398 0.343613 0.298379 0.25109 0.225612
0.401733 0.384345 0.345823 0.300691 0.252962 0.225203
0.401452 0.385651 0.342552 0.30034 0.251258 0.223569
0.40031 0.384937 0.34278 0.302057 0.250781 0.226027
0.401881 0.386581 0.3462 0.305631 0.254954 0.226421
0.402181 0.385015 0.346741 0.304735 0.25364 0.225161
0.404785 0.387319 0.347177 0.30514 0.254574 0.230299
0.403321 0.387672 0.345863 0.306971 0.254943 0.228142
0.401789 0.384465 0.346865 0.302422 0.2516 0.225831
0.401343 0.385805 0.345128 0.305398 0.253207 0.228107
0.401842 0.38592 0.344879 0.303459 0.254124 0.227652
0.401983 0.386544 0.344675 0.303612 0.253502 0.225638
0.40411 0.387141 0.34381 0.301471 0.249594 0.222672
0.400986 0.383615 0.341525 0.299755 0.253879 0.222535
0.401146 0.385668 0.343564 0.305818 0.253512 0.228049
0.402834 0.386341 0.344986 0.303769 0.251324 0.225273
0.400666 0.385474 0.346908 0.303574 0.253259 0.226021
0.403009 0.386171 0.347828 0.304545 0.253367 0.227795
0.400669 0.385563 0.342585 0.302779 0.251846 0.225366
0.403485 0.38594 0.346621 0.303264 0.255185 0.225312
0.405185 0.386278 0.346327 0.303745 0.253077 0.225408
0.401088 0.384663 0.342767 0.303329 0.252249 0.225093
0.401453 0.385709 0.345901 0.302447 0.252675 0.224262
0.401837 0.385813 0.343626 0.301632 0.2543 0.226103
0.402483 0.386851 0.345918 0.302024 0.253444 0.22734
0.401747 0.385069 0.3429 0.301557 0.255533 0.226805
0.403323 0.386908 0.345609 0.3046 0.253273 0.227145
0.398677 0.382361 0.343787 0.29972 0.254954 0.225749
0.401812 0.383527 0.343582 0.30103 0.252343 0.222378
0.402544 0.385743 0.346849 0.304033 0.256142 0.225996
0.402016 0.384949 0.344866 0.30009 0.252434 0.225367
0.400921 0.387476 0.342775 0.305181 0.251414 0.225593
0.401561 0.385352 0.342162 0.303514 0.253676 0.225184
0.401876 0.386533 0.34444 0.30482 0.253121 0.225253
0.401686 0.385763 0.349477 0.305649 0.25264 0.228049
0.401732 0.379784 0.353046 0.300937 0.249616 0.224588
0.40093 0.386487 0.342187 0.303408 0.252544 0.227072
0.402451 0.386334 0.345867 0.304016 0.253548 0.226034
0.402269 0.387719 0.344855 0.306128 0.253261 0.227215
0.401683 0.384204 0.346243 0.304371 0.254841 0.225172
0.401319 0.384815 0.343842 0.303448 0.253604 0.226536
0.402982 0.386744 0.343859 0.303534 0.25508 0.226848
0.402774 0.387355 0.344381 0.3032 0.250579 0.223619
0.404562 0.391056 0.34388 0.303362 0.251526 0.228246
0.402219 0.386308 0.346435 0.304983 0.25426 0.225842
0.402064 0.385519 0.343789 0.30139 0.254151 0.224823
0.401447 0.383476 0.344803 0.303617 0.253294 0.227867
0.40366 0.385691 0.342413 0.299948 0.250974 0.223144
0.4021 0.385584 0.3448 0.302323 0.252849 0.225652
0.401931 0.386812 0.345505 0.305186 0.254844 0.225142
0.402724 0.387525 0.346244 0.300954 0.254142 0.223984
0.40138 0.383387 0.344318 0.302165 0.251793 0.224035
0.401422 0.386536 0.34473 0.304201 0.253219 0.228275
0.401823 0.385575 0.348386 0.303547 0.252971 0.228264
0.401812 0.38615 0.344377 0.304258 0.253219 0.224597
0.400825 0.384984 0.344356 0.302718 0.251921 0.225491
0.402913 0.38478 0.345335 0.301918 0.250406 0.222361
0.401993 0.385757 0.341998 0.302787 0.252153 0.225841
0.400215 0.384867 0.344613 0.30525 0.252872 0.228925
0.40106 0.385509 0.343912 0.301562 0.255443 0.226029
0.400725 0.385164 0.342063 0.300161 0.25234 0.225981
0.402234 0.386141 0.341961 0.302006 0.254784 0.225138
0.402316 0.386366 0.344997 0.301503 0.252705 0.225907
0.401951 0.384588 0.347152 0.305557 0.254356 0.222139
0.403922 0.386015 0.343475 0.304257 0.255583 0.22709
0.401836 0.385697 0.34539 0.303224 0.25301 0.224741
0.403803 0.388264 0.342158 0.301223 0.253263 0.224764
0.401039 0.384035 0.342177 0.302407 0.250514 0.223723
0.403339 0.386119 0.344014 0.303014 0.254604 0.22624
0.401691 0.386526 0.34335 0.304458 0.254174 0.227817
0.401424 0.385761 0.344665 0.302746 0.254546 0.226333
0.403986 0.386776 0.344351 0.305016 0.251144 0.22698
0.402785 0.386375 0.346405 0.306221 0.255397 0.228811
0.400306 0.38353 0.342683 0.301779 0.255286 0.228548
0.400533 0.384926 0.344154 0.304194 0.252959 0.226332
0.402212 0.385157 0.343601 0.300638 0.248543 0.223953
0.402013 0.385874 0.347393 0.304934 0.253325 0.22663
0.401522 0.385747 0.342655 0.300812 0.254399 0.230412
0.402535 0.386748 0.345823 0.302777 0.252764 0.22604
0.402703 0.386046 0.344547 0.29988 0.252945 0.226802
0.401916 0.385722 0.343975 0.303531 0.254763 0.228346
0.401369 0.384928 0.344101 0.303403 0.254404 0.226333
0.401661 0.386282 0.345534 0.304783 0.254666 0.226568
0.401853 0.386485 0.344034 0.304973 0.25339 0.2269
0.401786 0.385194 0.344971 0.3014 0.25218 0.226412
0.403087 0.387379 0.343589 0.30216 0.250544 0.224842
0.402474 0.386665 0.346101 0.304114 0.251482 0.225412
0.400762 0.383351 0.345804 0.301923 0.251788 0.225729
0.402886 0.386942 0.342833 0.302343 0.255873 0.227521
0.402663 0.386786 0.345057 0.303902 0.252324 0.223548
0.403155 0.386684 0.344708 0.300216 0.249465 0.224975
0.402945 0.386541 0.344905 0.304587 0.256162 0.225993
0.401037 0.384309 0.342428 0.302569 0.251136 0.22328
0.403315 0.386727 0.342836 0.304928 0.252661 0.22696
0.402606 0.38656 0.347134 0.30678 0.255563 0.227174
0.402547 0.386294 0.343933 0.303911 0.253318 0.224724
0.401882 0.386776 0.344865 0.305394 0.253376 0.2272
0.401865 0.386766 0.344817 0.305411 0.253466 0.227235
0.40333 0.384958 0.347041 0.301545 0.250339 0.225327
0.402299 0.385039 0.343855 0.303769 0.253678 0.223551
0.40332 0.385005 0.346883 0.301378 0.250113 0.225315
0.403338 0.387353 0.343523 0.302501 0.251553 0.225525
0.402148 0.38583 0.342701 0.300807 0.252866 0.225075
0.403442 0.387343 0.346709 0.306114 0.254277 0.227128
0.401257 0.384337 0.344879 0.304724 0.252675 0.221831
0.400588 0.383887 0.341299 0.299311 0.247612 0.221578
0.402091 0.385276 0.34256 0.301227 0.252354 0.224182
0.402096 0.386006 0.344712 0.303711 0.253389 0.225352
0.402662 0.385682 0.344857 0.301637 0.253153 0.221909
0.398436 0.383025 0.343212 0.30342 0.255172 0.226448
0.400873 0.382799 0.345717 0.302351 0.252875 0.225558
0.401335 0.383977 0.3446 0.302482 0.252927 0.22535
0.402024 0.385988 0.344138 0.30165 0.249543 0.222885
0.402018 0.385397 0.342047 0.301715 0.251648 0.22423
0.401927 0.384628 0.343793 0.304608 0.253468 0.225567
0.402258 0.386216 0.350498 0.302238 0.256867 0.225205
0.402746 0.386084 0.344315 0.301595 0.251661 0.222983
0.40057 0.383868 0.343127 0.304107 0.250762 0.224007
0.401791 0.384666 0.346747 0.302374 0.253348 0.223661
0.40064 0.383818 0.343392 0.303821 0.250839 0.223934
0.401876 0.386941 0.34362 0.302916 0.255975 0.226168
0.403099 0.385705 0.34567 0.303879 0.254919 0.225047
0.402095 0.385476 0.345591 0.304613 0.255115 0.227451
0.404872 0.389079 0.342573 0.304112 0.252936 0.225183
0.402746 0.385449 0.345366 0.301559 0.251833 0.222895
0.402133 0.38575 0.347182 0.305665 0.253897 0.226504
0.402332 0.386895 0.343398 0.305325 0.253644 0.226419
0.402681 0.385256 0.343807 0.298699 0.252891 0.227295
0.403327 0.385475 0.344438 0.302663 0.254512 0.224404
0.402764 0.384348 0.346567 0.3026 0.254534 0.225523
0.402358 0.386121 0.342641 0.303874 0.254303 0.22552
0.401389 0.382916 0.344001 0.300897 0.251821 0.222319
0.402893 0.388544 0.34092 0.304047 0.252305 0.22603
0.402634 0.387967 0.34587 0.305728 0.25319 0.227507
0.401384 0.386288 0.346411 0.301822 0.254517 0.225441
0.40139 0.386419 0.346189 0.303813 0.253235 0.22771
0.402443 0.386591 0.341783 0.302466 0.250225 0.225223
0.401878 0.384476 0.34335 0.300059 0.250459 0.221289
0.403259 0.388921 0.345275 0.306778 0.257458 0.227871
0.403582 0.388523 0.345723 0.303674 0.253908 0.225205
0.401354 0.383872 0.344101 0.300622 0.250408 0.225402
0.400681 0.38426 0.345508 0.302715 0.254475 0.226539
0.40123 0.385871 0.344324 0.3038 0.25325 0.229218
0.402279 0.386805 0.344742 0.305003 0.253967 0.228813
0.401733 0.386409 0.345828 0.303934 0.253919 0.226826
0.401269 0.385875 0.344699 0.304723 0.254641 0.226015
0.399682 0.381508 0.346098 0.303068 0.254822 0.226454
0.402512 0.386366 0.344053 0.308009 0.253261 0.226398
0.403029 0.387622 0.343194 0.303953 0.251705 0.224675
0.402762 0.387845 0.341965 0.304975 0.253337 0.225254
0.401457 0.385219 0.344911 0.305492 0.253885 0.227421
0.402994 0.386635 0.345401 0.302561 0.25287 0.225408
0.402971 0.386676 0.344038 0.305721 0.253272 0.226207
0.400831 0.383747 0.345345 0.301646 0.253604 0.22555
0.404162 0.386901 0.348335 0.303583 0.254889 0.225357
0.402164 0.386211 0.344905 0.302889 0.25355 0.226598
0.402961 0.387286 0.345982 0.302273 0.2533 0.225535
0.400576 0.384955 0.341499 0.300149 0.249808 0.224244
0.403363 0.387737 0.345383 0.302819 0.251845 0.225229
0.400364 0.384919 0.342952 0.302049 0.251463 0.225882
0.403718 0.387698 0.348675 0.305702 0.254345 0.226159
0.404874 0.387784 0.348378 0.306145 0.261818 0.228623
0.401946 0.386322 0.344164 0.301907 0.25439 0.224821
0.402375 0.385549 0.343743 0.302449 0.253366 0.224832
0.402051 0.386176 0.342659 0.305079 0.255346 0.230766
