1.1781 2.3562 3.5343 4.7124 5.890499 7.0686
0.381513 0.355386 0.308964 0.268964 0.216638 0.18221
0.383288 0.362607 0.307631 0.268496 0.212885 0.180445
0.384201 0.359295 0.308059 0.269241 0.213954 0.177981
0.383629 0.358492 0.309657 0.268043 0.216397 0.179326
0.380651 0.3555 0.307249 0.26714 0.213314 0.179129
0.383765 0.358361 0.309186 0.267333 0.215673 0.177397
0.383844 0.35686 0.310144 0.269071 0.214885 0.17735
0.384786 0.358522 0.311386 0.267914 0.218149 0.179246
0.383114 0.359485 0.309716 0.270044 0.214261 0.175926
0.383048 0.357885 0.307572 0.270568 0.214735 0.17825
0.384958 0.358834 0.310771 0.269587 0.215121 0.178776
0.38411 0.35979 0.309696 0.26898 0.219636 0.180104
0.383704 0.360223 0.310405 0.270258 0.215251 0.178304
0.381046 0.35625 0.30657 0.265922 0.21046 0.173532
0.381465 0.356921 0.309269 0.264998 0.21468 0.176859
0.382458 0.355808 0.306983 0.265435 0.215423 0.178964
0.384086 0.359906 0.307985 0.267959 0.212769 0.180183
0.383814 0.359396 0.309067 0.270884 0.214484 0.180992
0.382482 0.359311 0.308072 0.269264 0.214806 0.178813
0.383113 0.359505 0.3072 0.269867 0.212467 0.179615
0.384673 0.359427 0.309169 0.270872 0.215753 0.178552
0.383395 0.359439 0.31006 0.270886 0.216568 0.181494
0.382372 0.363863 0.308334 0.268517 0.209213 0.175501
0.382199 0.35809 0.307536 0.270657 0.214291 0.180749
0.386087 0.362845 0.310351 0.270834 0.214688 0.177463
0.383836 0.35824 0.309238 0.269201 0.214801 0.180082
0.381558 0.355775 0.30636 0.262379 0.207296 0.168928
0.383164 0.362475 0.309545 0.27067 0.21357 0.178694
0.383536 0.358986 0.308675 0.268059 0.216125 0.182076
0.384422 0.359049 0.309296 0.269833 0.21881 0.181954
0.382242 0.357908 0.307623 0.267066 0.213026 0.177467
0.382937 0.357735 0.306582 0.269758 0.214514 0.178556
0.383187 0.359142 0.308013 0.270548 0.214209 0.1794
0.381097 0.35562 0.30726 0.266569 0.21247 0.175878
0.384363 0.3603 0.309449 0.268433 0.214409 0.178756
0.383962 0.36112 0.309033 0.270285 0.212808 0.177619
0.38417 0.358961 0.308592 0.26555 0.213583 0.174571
0.382489 0.357444 0.307264 0.268573 0.216952 0.179555
0.382123 0.355949 0.308145 0.268521 0.21405 0.180555
0.382411 0.357872 0.308902 0.267871 0.216338 0.181487
0.386938 0.362655 0.313096 0.271423 0.216414 0.178617
0.381588 0.356872 0.30675 0.268424 0.212861 0.178065
0.381313 0.356041 0.303542 0.265802 0.209743 0.173832
0.380054 0.357683 0.307313 0.265363 0.213706 0.177762
0.382878 0.357271 0.308618 0.26618 0.212084 0.178289
0.381531 0.358525 0.30787 0.265084 0.21354 0.176306
0.384212 0.359502 0.309664 0.270461 0.215106 0.176904
0.382911 0.356362 0.309336 0.263513 0.219729 0.180237
0.382249 0.359875 0.306447 0.270116 0.211681 0.178129
0.384486 0.360011 0.308492 0.265397 0.211898 0.174772
0.386331 0.361786 0.310123 0.272027 0.216892 0.180259
0.381357 0.358284 0.308609 0.267936 0.211485 0.175976
0.38255 0.357935 0.306633 0.266709 0.212175 0.182082
0.383106 0.358087 0.307966 0.268592 0.213956 0.179386
0.382176 0.357294 0.308066 0.267934 0.215409 0.180358
0.382776 0.357676 0.307141 0.269237 0.212922 0.179189
0.382028 0.357193 0.307728 0.271279 0.212722 0.176945
0.38625 0.361865 0.311247 0.269528 0.216645 0.178762
0.381894 0.358218 0.308833 0.266 0.212677 0.177746
0.382253 0.357098 0.307658 0.265974 0.214893 0.176605
0.381039 0.356809 0.307502 0.268453 0.213923 0.178309
0.383404 0.35508 0.307913 0.264113 0.210993 0.178696
0.383654 0.360999 0.308338 0.26902 0.213824 0.181269
0.386033 0.364522 0.312264 0.271434 0.217473 0.183235
0.382017 0.36201 0.306486 0.270986 0.212009 0.183344
0.382871 0.358572 0.309048 0.267752 0.215079 0.174317
0.383952 0.358112 0.308824 0.267777 0.214862 0.179428
0.382884 0.360097 0.307625 0.26941 0.214567 0.179762
0.383787 0.361648 0.308992 0.270361 0.212043 0.178724
0.383404 0.359694 0.306946 0.267924 0.213037 0.177444
0.384461 0.362811 0.309368 0.271418 0.213578 0.178589
0.382148 0.357372 0.30897 0.264628 0.211685 0.178409
0.383953 0.361411 0.309319 0.27113 0.215329 0.180362
0.384293 0.357686 0.309853 0.270073 0.217696 0.179075
0.382975 0.358872 0.30765 0.26501 0.211273 0.173822
0.380803 0.356118 0.305538 0.266939 0.214051 0.179419
0.38406 0.361135 0.30989 0.271325 0.217205 0.181045
0.384547 0.363346 0.308781 0.268622 0.211636 0.172954
0.382764 0.358552 0.307206 0.267664 0.212824 0.176805
0.385241 0.358312 0.310035 0.269958 0.216458 0.180985
0.384043 0.360678 0.31055 0.268576 0.215458 0.178174
0.376666 0.35334 0.305146 0.264618 0.209772 0.17532
0.384379 0.360655 0.308787 0.269533 0.213795 0.178151
0.384971 0.361786 0.310497 0.269928 0.215128 0.177245
0.381686 0.356192 0.307167 0.264084 0.211666 0.174896
0.383079 0.358433 0.309229 0.268347 0.214553 0.178566
0.383689 0.359177 0.31004 0.266556 0.215261 0.17797
0.383082 0.356203 0.306927 0.261844 0.212512 0.175618
0.382028 0.361086 0.306433 0.266774 0.212359 0.177474
0.38243 0.355934 0.307785 0.267619 0.21446 0.177673
0.388224 0.361317 0.317232 0.268863 0.218566 0.183432
0.38278 0.358717 0.308434 0.268117 0.214986 0.180593
0.384956 0.3622 0.30858 0.274982 0.214271 0.18195
0.38306 0.359225 0.307351 0.264936 0.214052 0.178024
0.383538 0.359257 0.308476 0.269527 0.214176 0.178363
0.382992 0.359138 0.308549 0.266844 0.21394 0.176133
0.384693 0.360589 0.310473 0.268729 0.219875 0.180934
0.383745 0.360266 0.308968 0.272575 0.215264 0.181499
0.384702 0.359035 0.310594 0.269528 0.21723 0.178774
0.382494 0.359602 0.307989 0.272179 0.2149 0.180235
0.38113 0.356846 0.306351 0.267098 0.213407 0.17705
0.383568 0.359089 0.30886 0.269465 0.214619 0.1792
0.383612 0.356772 0.308152 0.267734 0.217839 0.180099
0.383502 0.358295 0.307352 0.269976 0.21309 0.18061
0.38348 0.358753 0.310073 0.267851 0.214706 0.179255
0.384526 0.358337 0.310045 0.267117 0.213946 0.175068
0.384163 0.361201 0.310747 0.271065 0.218424 0.182929
0.384465 0.360396 0.309323 0.267869 0.21342 0.177762
0.382136 0.356835 0.307962 0.267036 0.214925 0.177841
0.383672 0.359442 0.307113 0.269885 0.213018 0.179996
0.383413 0.35802 0.309267 0.270778 0.214396 0.177154
0.382558 0.358394 0.309153 0.268973 0.210672 0.176641
0.384234 0.361645 0.310391 0.272507 0.217698 0.182781
0.381902 0.355895 0.308397 0.266184 0.214977 0.178005
0.38337 0.359303 0.308704 0.265215 0.214982 0.176894
0.384488 0.360706 0.308433 0.271874 0.21487 0.182597
0.383352 0.359145 0.308875 0.267062 0.212553 0.176255
0.385116 0.36079 0.309428 0.269958 0.216727 0.183973
0.384898 0.362192 0.312203 0.274217 0.217591 0.181047
0.384998 0.362106 0.31151 0.269125 0.216836 0.178673
0.382693 0.356958 0.309342 0.269796 0.219079 0.179924
0.382334 0.35925 0.307756 0.269654 0.214801 0.17735
0.380894 0.35816 0.308377 0.26848 0.21287 0.179435
0.383755 0.362644 0.308909 0.270446 0.215341 0.179463
0.383273 0.358743 0.30954 0.269556 0.215408 0.178601
0.383327 0.363724 0.310418 0.270528 0.216831 0.177453
0.380946 0.357415 0.30713 0.265583 0.212427 0.17683
0.383916 0.36036 0.310595 0.27074 0.217114 0.177682
0.384893 0.359408 0.309444 0.270927 0.216967 0.180044
0.385635 0.359337 0.310102 0.272002 0.214847 0.177191
0.383953 0.358691 0.309518 0.267489 0.212181 0.175137
0.383245 0.359099 0.306463 0.269852 0.21025 0.177748
0.381598 0.35772 0.305796 0.269581 0.211706 0.177932
0.383719 0.358089 0.31081 0.264723 0.218893 0.179104
0.380545 0.359551 0.305669 0.265695 0.210712 0.176748
0.381871 0.359255 0.306535 0.269436 0.213521 0.179729
0.383046 0.358115 0.308135 0.269504 0.214771 0.179421
0.383049 0.356028 0.306891 0.266372 0.212523 0.175456
0.382885 0.359002 0.308202 0.26908 0.211595 0.177132
0.383417 0.35987 0.308745 0.269629 0.213682 0.178043
0.385548 0.36017 0.309834 0.270451 0.214814 0.178555
0.38186 0.358364 0.306026 0.268026 0.2097 0.176859
0.381313 0.357256 0.306899 0.264989 0.210519 0.173174
0.384383 0.358374 0.309702 0.270732 0.217756 0.180888
0.384174 0.357438 0.308308 0.268027 0.215067 0.176046
0.380616 0.359101 0.307453 0.269496 0.212595 0.179673
0.38287 0.359111 0.308758 0.267293 0.216104 0.181335
0.385294 0.36048 0.309884 0.271869 0.214929 0.178781
0.38545 0.361127 0.310486 0.270246 0.216077 0.179351
0.382211 0.358763 0.30839 0.270564 0.212896 0.179437
0.384389 0.359318 0.311444 0.268462 0.21618 0.18077
0.38027 0.351442 0.306702 0.263769 0.213868 0.175005
0.384761 0.360869 0.310044 0.269107 0.21338 0.178747
0.382928 0.358482 0.307363 0.267698 0.212815 0.178563
0.385302 0.362312 0.307626 0.269636 0.211688 0.17659
0.383705 0.359551 0.308394 0.273372 0.214677 0.18009
0.386453 0.361045 0.311651 0.273972 0.220508 0.180125
0.379861 0.355299 0.305601 0.265849 0.212414 0.181272
0.385154 0.359118 0.309985 0.266578 0.213661 0.17681
0.384315 0.35892 0.309244 0.271553 0.215392 0.178957
0.384477 0.359049 0.309309 0.269702 0.214678 0.176277
0.383404 0.358966 0.307234 0.270153 0.211251 0.176494
0.385324 0.361632 0.310386 0.269898 0.216586 0.179235
0.382649 0.358784 0.307967 0.268707 0.213211 0.177942
0.382968 0.356784 0.310286 0.266915 0.21454 0.177514
0.384312 0.358544 0.310739 0.268673 0.215531 0.182867
0.383563 0.363543 0.308407 0.269956 0.213269 0.180097
0.382366 0.359092 0.308211 0.268255 0.213644 0.182054
0.382841 0.360562 0.308575 0.271995 0.214962 0.181087
0.383389 0.358533 0.309919 0.269702 0.216053 0.180416
0.381697 0.356396 0.30351 0.26623 0.209601 0.174468
0.386114 0.362691 0.309759 0.273733 0.215027 0.180878
0.382039 0.35799 0.307483 0.267846 0.212548 0.177343
0.38364 0.359276 0.309552 0.266225 0.214679 0.177961
0.385063 0.360936 0.310964 0.26898 0.216902 0.179545
0.383514 0.356427 0.307419 0.270218 0.213359 0.17544
0.38273 0.35875 0.307105 0.26711 0.208687 0.175627
0.384084 0.358517 0.307543 0.270338 0.214445 0.178951
0.382128 0.35976 0.309575 0.264977 0.214736 0.176026
0.384263 0.359176 0.308689 0.268044 0.213777 0.176061
0.386254 0.36509 0.311013 0.270145 0.21749 0.178915
0.385337 0.359788 0.308704 0.269027 0.214793 0.17825
0.385522 0.36301 0.310901 0.270639 0.21455 0.179184
0.384862 0.359264 0.310103 0.268269 0.215631 0.176163
0.381295 0.356682 0.306477 0.270685 0.213491 0.177492
0.38454 0.359764 0.310921 0.269246 0.215407 0.17845
0.38166 0.353255 0.306108 0.262711 0.212863 0.17697
0.382846 0.35795 0.307296 0.266 0.211607 0.17676
0.383934 0.359437 0.309465 0.269259 0.21315 0.176004
0.382097 0.359258 0.306711 0.267957 0.211577 0.178308
0.382798 0.358872 0.307363 0.268917 0.214881 0.178162
0.383112 0.358721 0.308716 0.269533 0.212776 0.176633
0.383734 0.360523 0.303193 0.271485 0.214509 0.180269
0.38264 0.357826 0.307231 0.269735 0.215021 0.180305
0.382097 0.359705 0.304983 0.268883 0.211251 0.1784
0.381339 0.357028 0.307561 0.26767 0.21349 0.176473
0.382784 0.358262 0.308618 0.269417 0.215603 0.180436
0.384663 0.36171 0.310168 0.271845 0.215256 0.178008
0.382532 0.356482 0.308638 0.26518 0.213765 0.175122
0.383507 0.359479 0.309063 0.269611 0.214274 0.176101
0.381414 0.356064 0.307699 0.269861 0.215856 0.179971
0.384361 0.360686 0.309577 0.271383 0.215487 0.178249
0.382788 0.358488 0.309054 0.268093 0.214472 0.179502
0.38352 0.360111 0.309481 0.271566 0.215041 0.179476
0.381707 0.358924 0.308258 0.269174 0.210672 0.180671
0.383948 0.361738 0.307129 0.270895 0.212666 0.179724
0.38327 0.360358 0.308723 0.271832 0.212082 0.178291
0.384479 0.360378 0.311515 0.267804 0.214272 0.177825
0.382461 0.357364 0.307855 0.267164 0.213401 0.174818
0.383509 0.359991 0.307743 0.268141 0.214796 0.179022
0.383406 0.357143 0.307385 0.264863 0.219158 0.180151
0.38357 0.357883 0.308093 0.268377 0.214056 0.180602
0.382925 0.358362 0.307086 0.266197 0.213469 0.179375
0.381374 0.358543 0.306695 0.268178 0.213798 0.180326
0.383473 0.360014 0.30824 0.268989 0.212446 0.17568
0.382777 0.36428 0.309406 0.267004 0.215416 0.179501
0.383359 0.358382 0.308553 0.267795 0.2149 0.178259
0.382846 0.359521 0.308667 0.267035 0.213202 0.176093
0.383039 0.360986 0.309498 0.269768 0.214028 0.17781
0.384932 0.359717 0.309279 0.269306 0.214157 0.176212
0.384153 0.357994 0.309681 0.269199 0.213137 0.178463
0.379928 0.36219 0.305721 0.269326 0.213251 0.17482
0.382662 0.35892 0.30951 0.270853 0.216799 0.17868
0.385052 0.361258 0.313766 0.268421 0.217979 0.179939
0.38296 0.359583 0.30971 0.2691 0.214984 0.180313
0.384502 0.360533 0.309334 0.269954 0.21625 0.180708
0.383206 0.358467 0.308505 0.269491 0.214417 0.179447
0.382301 0.358336 0.308055 0.267165 0.213463 0.177528
0.381872 0.358928 0.306171 0.268815 0.211245 0.175561
0.384254 0.357554 0.308157 0.269255 0.215702 0.17886
0.384357 0.360379 0.310416 0.269338 0.215885 0.179125
0.383482 0.36054 0.310363 0.267582 0.214941 0.177976
0.384325 0.359916 0.311744 0.269271 0.217755 0.180291
0.384951 0.360619 0.308059 0.2668 0.213267 0.177661
0.383602 0.359368 0.309424 0.269145 0.214231 0.177585
0.383357 0.358745 0.308822 0.269821 0.214134 0.179435
0.382037 0.357995 0.307822 0.267926 0.213409 0.175214
0.383607 0.359557 0.308973 0.270359 0.214429 0.178827
0.38375 0.359794 0.309918 0.268795 0.215012 0.179503
0.382452 0.358997 0.309268 0.269459 0.214514 0.179822
0.382 0.35811 0.30689 0.268924 0.212161 0.177168
0.382767 0.358374 0.30737 0.268878 0.210815 0.178183
0.384053 0.359501 0.308005 0.268644 0.21252 0.174444
0.381603 0.355394 0.308977 0.263308 0.214494 0.177271
0.382509 0.358954 0.308202 0.268643 0.214665 0.180717
0.383525 0.357877 0.309783 0.269256 0.216386 0.178205
0.382088 0.358153 0.307294 0.268707 0.212265 0.177192
0.382202 0.358286 0.307391 0.268049 0.212006 0.176923
0.385303 0.359226 0.310109 0.268206 0.216367 0.178201
0.382486 0.358464 0.308377 0.267515 0.214199 0.179301
0.384274 0.36121 0.309611 0.270299 0.216179 0.179245
0.382312 0.356849 0.308797 0.269248 0.214579 0.179339
0.384389 0.360891 0.309761 0.271118 0.215409 0.180112
0.383575 0.359327 0.308085 0.268431 0.213105 0.178373
0.382058 0.356093 0.307832 0.266959 0.213684 0.178496
0.383122 0.356385 0.308297 0.267136 0.214013 0.177375
0.384292 0.359967 0.309969 0.269733 0.215417 0.18023
0.384746 0.361372 0.309673 0.273019 0.214821 0.177659
0.387323 0.362956 0.312858 0.274067 0.221801 0.182535
0.381929 0.356917 0.308214 0.266839 0.2145 0.17887
0.383381 0.360693 0.30626 0.272583 0.210834 0.180755
0.379773 0.355201 0.305074 0.263402 0.208954 0.173762
0.383198 0.356961 0.308983 0.268085 0.216682 0.178116
0.38283 0.356913 0.307801 0.26698 0.212796 0.180515
0.383264 0.358419 0.310827 0.266765 0.218121 0.178546
0.384487 0.355841 0.309179 0.268865 0.217083 0.18187
0.383547 0.359395 0.3084 0.26865 0.215506 0.181514
0.382292 0.358275 0.307532 0.268579 0.21357 0.178328
0.383778 0.360266 0.308377 0.269376 0.216067 0.178892
0.383863 0.36 0.309109 0.269387 0.215221 0.179118
0.382036 0.357097 0.307076 0.266331 0.21426 0.178208
0.381832 0.356361 0.306876 0.265727 0.21122 0.177566
0.383694 0.360959 0.310298 0.270872 0.213701 0.177185
0.383059 0.356599 0.307933 0.267806 0.215326 0.180064
0.383933 0.358139 0.309868 0.270715 0.218087 0.179668
0.38344 0.357081 0.309382 0.26798 0.216665 0.176802
0.382054 0.355575 0.306372 0.264881 0.211035 0.176033
0.38378 0.358024 0.309479 0.269932 0.216273 0.17736
0.383762 0.359613 0.308305 0.267331 0.213419 0.176845
0.387929 0.36135 0.311683 0.271648 0.216988 0.179016
0.383301 0.360872 0.308021 0.270539 0.212979 0.180132
0.383859 0.359422 0.308267 0.266913 0.213556 0.175702
0.385795 0.361037 0.309845 0.271443 0.21499 0.179423
0.385812 0.361059 0.309778 0.27151 0.214961 0.1795
0.383129 0.355821 0.307713 0.26633 0.213029 0.178014
0.38225 0.362573 0.308151 0.269796 0.209482 0.174268
0.383145 0.355671 0.307627 0.26622 0.213106 0.177913
0.384247 0.359093 0.308021 0.268434 0.213812 0.177854
0.386015 0.360774 0.310689 0.268554 0.216975 0.179516
0.384849 0.359823 0.310871 0.270614 0.217622 0.17967
0.382783 0.358932 0.30785 0.267328 0.212913 0.174443
0.384403 0.358623 0.309321 0.264275 0.212108 0.173462
0.385061 0.36036 0.30963 0.26963 0.213954 0.1785
0.382804 0.357622 0.30875 0.267869 0.21486 0.175405
0.384169 0.358165 0.310302 0.265012 0.21569 0.175746
0.380732 0.359306 0.306641 0.268812 0.213795 0.179508
0.382672 0.357757 0.307339 0.266224 0.211993 0.178969
0.383451 0.358702 0.308628 0.268054 0.213831 0.177709
0.383234 0.358162 0.307779 0.266558 0.21092 0.177229
0.382523 0.360805 0.307242 0.269223 0.210559 0.177531
0.382998 0.359113 0.308222 0.26765 0.21359 0.177584
0.381916 0.357709 0.30855 0.267167 0.215465 0.17707
0.381814 0.356193 0.308539 0.265662 0.213971 0.177272
0.383949 0.356478 0.309767 0.26741 0.214381 0.178586
0.383273 0.35663 0.309221 0.270055 0.217331 0.179386
0.383892 0.356512 0.309843 0.267427 0.21458 0.178663
0.382327 0.35812 0.307902 0.267559 0.214472 0.178533
0.384769 0.360932 0.310108 0.267578 0.21826 0.185587
0.382176 0.357957 0.310313 0.268426 0.215947 0.18143
0.386147 0.360682 0.311177 0.270225 0.21634 0.179907
0.382879 0.360791 0.307032 0.269567 0.20941 0.1769
0.383073 0.358426 0.307789 0.270049 0.214846 0.177409
0.383187 0.361191 0.310423 0.269761 0.217536 0.177878
0.384148 0.357017 0.308274 0.265962 0.213717 0.179295
0.382554 0.358333 0.306163 0.268236 0.213638 0.181232
0.384924 0.360954 0.311138 0.270292 0.217062 0.179982
0.384237 0.360477 0.310966 0.26872 0.215336 0.178009
0.381976 0.358346 0.307064 0.267872 0.212283 0.17618
0.384901 0.357586 0.311151 0.270559 0.217337 0.175946
0.383034 0.355519 0.306649 0.270797 0.21302 0.179456
0.381566 0.355967 0.307804 0.269662 0.213795 0.178935
0.383452 0.35666 0.308512 0.269375 0.215206 0.180742
0.383239 0.356822 0.308024 0.265581 0.213356 0.174559
0.384709 0.359255 0.308646 0.268799 0.21244 0.175017
0.386137 0.360183 0.312285 0.272126 0.223056 0.181952
0.384205 0.357859 0.311057 0.268558 0.214822 0.178456
0.382969 0.356328 0.308463 0.267787 0.213552 0.178113
0.382281 0.356286 0.307567 0.267118 0.212627 0.176754
0.384763 0.357896 0.311409 0.269456 0.217881 0.179561
0.383394 0.359926 0.308692 0.269681 0.213777 0.181007
0.383908 0.360879 0.309304 0.271652 0.215683 0.18275
0.382974 0.359954 0.307453 0.271444 0.212726 0.17803
0.381213 0.358539 0.306467 0.270101 0.21658 0.181566
0.383601 0.360999 0.310132 0.270178 0.215377 0.178996
0.385164 0.360835 0.309964 0.269083 0.214953 0.176674
0.383407 0.359202 0.307886 0.267583 0.213424 0.178836
0.383617 0.360304 0.308811 0.270387 0.21574 0.179276
0.381235 0.356236 0.30716 0.266181 0.212758 0.177042
0.383853 0.361295 0.309503 0.269625 0.212742 0.177841
0.382697 0.357724 0.3104 0.269028 0.215439 0.187052
0.386055 0.361305 0.308997 0.272059 0.216397 0.181297
0.384812 0.359142 0.309491 0.269979 0.21637 0.179345
0.383033 0.356555 0.309533 0.266623 0.212514 0.177691
0.380926 0.360344 0.3055 0.268898 0.210475 0.178204
0.383846 0.360049 0.310102 0.269919 0.214726 0.177225
0.383801 0.358298 0.308252 0.266304 0.214205 0.176599
0.384507 0.361568 0.310093 0.271015 0.215025 0.178577
0.385991 0.360834 0.312273 0.272986 0.222594 0.181682
0.384914 0.359373 0.309161 0.271546 0.217032 0.182469
0.382962 0.358201 0.307275 0.267251 0.212561 0.176511
0.38254 0.357163 0.308632 0.265145 0.215475 0.180947
