0.0 0.0
0.1 0.0014615437472012141
0.2 0.0029207777894545346
0.30000000000000004 0.004375398718832763
0.4 0.005823115690824481
0.5 0.007261656652683358
0.6000000000000001 0.008688774501920713
0.7000000000000001 0.0101022531546419
0.8 0.011499913503351762
0.9 0.01287961924122488
1.0 0.014239282534183287
1.1 0.015576869518268345
1.2000000000000002 0.01689040560591667
1.3 0.018177980580601272
1.4000000000000001 0.019437753462223796
1.5 0.020667957129202344
1.6 0.021866902677809667
1.7000000000000002 0.023032983507802675
1.8 0.024164679119061595
1.9000000000000001 0.0252605586094023
2.0 0.026319283857782975
2.1 0.027339612390896405
2.2 0.028320399916657562
2.3000000000000003 0.02926060252530587
2.4000000000000004 0.030159278548808347
2.5 0.031015590072656248
2.6 0.0318288041023138
2.7 0.03259829338061083
2.8000000000000003 0.0333235368536722
2.9000000000000004 0.034004119792236005
3.0 0.034639733567308865
3.1 0.03523017508571975
3.2 0.03577534589127654
3.3000000000000003 0.036275250938357206
3.4000000000000004 0.03672999704512572
3.5 0.037139791038931495
3.6 0.03750493759918712
3.7 0.037825836812612486
3.8000000000000003 0.03810298145451839
3.9000000000000004 0.03833695400714953
4.0 0.03852842342991928
4.1000000000000005 0.038678141698074715
4.2 0.03878694012490946
4.3 0.03885572548418572
4.4 0.03888547595045823
4.5 0.03887723687481705
4.6000000000000005 0.03883211641399159
4.7 0.038751281031389556
4.800000000000001 0.038635950892087614
4.9 0.03848739516120322
5.0 0.03830692723744642
5.1000000000000005 0.038095899933341476
5.2 0.037855700618376134
5.300000000000001 0.03758774635286482
5.4 0.03729347902280399
5.5 0.03697436049824753
5.6000000000000005 0.036631867831257596
5.7 0.03626748851144778
5.800000000000001 0.03588271579554952
5.9 0.03547904412724132
6.0 0.03505796466268979
6.1000000000000005 0.0346209609163971
6.2 0.03416950454209719
6.300000000000001 0.033705051260041204
6.4 0.03322903694410415
6.5 0.03274287388385918
6.6000000000000005 0.03224794721992755
6.7 0.03174561157842473
6.800000000000001 0.031237187900607054
6.9 0.03072396047994008
7.0 0.030207174212210846
7.1000000000000005 0.029688032064198667
7.2 0.029167692764695552
7.300000000000001 0.028647268721862504
7.4 0.028127824167706046
7.5 0.027610373533059163
7.6000000000000005 0.027095880050678027
7.7 0.02658525458771714
7.800000000000001 0.026079354705302548
7.9 0.025578983939935962
8.0 0.025084891311435164
8.1 0.024597771036933835
8.200000000000001 0.024118262465306715
8.3 0.023646950211334214
8.4 0.02318436448864119
8.5 0.022730981633652614
8.6 0.022287224811554335
8.700000000000001 0.02185346489609937
8.8 0.021430021513987218
8.9 0.021017164244126012
9.0 0.02061511396098044
9.1 0.020224044317227956
9.200000000000001 0.019844083340020392
9.3 0.01947531515103346
9.4 0.01911778178204962
9.5 0.01877148508317087
9.600000000000001 0.018436388726897332
9.700000000000001 0.018112420179428733
9.8 0.01779947298223248
9.9 0.01749740873914519
10.0 0.017206059395678926
10.100000000000001 0.016925229438512032
10.200000000000001 0.016654698126029974
10.3 0.016394221722021037
10.4 0.016143535723847233
10.5 0.01590235707257422
10.600000000000001 0.015670386339951
10.700000000000001 0.015447309880575664
10.8 0.015232801942239214
10.9 0.015026526726536801
11.0 0.014828140392549174
11.100000000000001 0.01463729299693034
11.200000000000001 0.014453630364286797
11.3 0.014276795882294979
11.4 0.01410643221657417
11.5 0.013942182940908567
11.600000000000001 0.013783694078838539
11.700000000000001 0.013630615554286187
11.8 0.013482602546132514
11.9 0.01333931674843635
12.0 0.013200427530581538
12.100000000000001 0.01306561299968153
12.200000000000001 0.012934560984690561
12.3 0.012806969791983005
12.4 0.012682549183500374
12.5 0.012561020828960934
12.600000000000001 0.012442118983129625
12.700000000000001 0.012325590954510898
12.8 0.012211197409373592
12.9 0.012098712848539396
13.0 0.011987925533264361
13.100000000000001 0.011878637948526529
13.200000000000001 0.011770666531889193
13.3 0.011663841792939856
13.4 0.011558008310555798
13.5 0.011453024285025452
13.600000000000001 0.011348761597254429
13.700000000000001 0.011245105317303874
13.8 0.011141953444946777
13.9 0.01103921649807733
14.0 0.010936817074239536
14.100000000000001 0.01083468939455726
14.200000000000001 0.01073277868301236
14.3 0.010631040841334816
14.4 0.010529441664985406
14.5 0.010427956364017686
14.600000000000001 0.01032656893777683
14.700000000000001 0.01022527155961879
14.8 0.010124063954150138
14.9 0.010022952771011269
15.0 0.009921950959040488
15.100000000000001 0.009821077144457757
15.200000000000001 0.009720355065580355
15.3 0.009619812749514633
15.4 0.009519482283754857
15.5 0.009419399009936255
15.600000000000001 0.009319600956076141
15.700000000000001 0.009220128382901763
15.8 0.00912102328001887
15.9 0.009022328716951689
16.0 0.008924088710117996
16.1 0.008826347464682785
16.2 0.008729149132680367
16.3 0.008632537414478414
16.400000000000002 0.008536555203438476
16.5 0.008441244303864146
16.6 0.00834664502829742
16.7 0.008252796181042908
16.8 0.008159734599419138
16.900000000000002 0.008067495079334474
17.0 0.007976110187894077
17.1 0.007885610127974065
17.2 0.007796022630154506
17.3 0.007707372870967095
17.400000000000002 0.007619683416298051
17.5 0.007532974188684614
17.6 0.0074472624571551745
17.7 0.007362562866954445
17.8 0.007278887376306023
17.900000000000002 0.00719624549276428
18.0 0.007114644150777748
18.1 0.007034087885682299
18.2 0.006954578908437539
18.3 0.006876117210868575
18.400000000000002 0.00679870068105999
18.5 0.006722325227202817
18.6 0.006646984909013095
18.7 0.006572672074164089
18.8 0.006499377498604769
18.900000000000002 0.006427090530535403
19.0 0.006355799235153403
19.1 0.006285490539737276
19.200000000000003 0.006216150377739169
19.3 0.006147763830794537
19.400000000000002 0.006080315267641039
19.5 0.00601378847902545
19.6 0.005948166807765621
19.700000000000003 0.005883433273224559
19.8 0.005819570689543982
19.900000000000002 0.0057565617770749065
20.0 0.0056943892665325055
